(kicad_pcb (version 20171130) (host pcbnew "(5.1.6)-1")

  (general
    (thickness 1.6)
    (drawings 39)
    (tracks 1258)
    (zones 0)
    (modules 214)
    (nets 158)
  )

  (page A4)
  (title_block
    (title CellShaper)
    (rev v1)
    (company petrinm)
  )

  (layers
    (0 F.Cu signal)
    (1 In1.Cu power)
    (2 In2.Cu power)
    (31 B.Cu signal)
    (32 B.Adhes user)
    (33 F.Adhes user)
    (34 B.Paste user)
    (35 F.Paste user)
    (36 B.SilkS user)
    (37 F.SilkS user)
    (38 B.Mask user)
    (39 F.Mask user)
    (40 Dwgs.User user)
    (41 Cmts.User user)
    (42 Eco1.User user)
    (43 Eco2.User user)
    (44 Edge.Cuts user)
    (45 Margin user)
    (46 B.CrtYd user)
    (47 F.CrtYd user)
    (48 B.Fab user)
    (49 F.Fab user)
  )

  (setup
    (last_trace_width 0.6)
    (user_trace_width 0.4)
    (user_trace_width 0.6)
    (user_trace_width 0.8)
    (user_trace_width 1)
    (user_trace_width 1.6)
    (user_trace_width 2)
    (trace_clearance 0.2)
    (zone_clearance 0.508)
    (zone_45_only no)
    (trace_min 0.2)
    (via_size 0.8)
    (via_drill 0.4)
    (via_min_size 0.4)
    (via_min_drill 0.3)
    (uvia_size 0.3)
    (uvia_drill 0.1)
    (uvias_allowed no)
    (uvia_min_size 0.2)
    (uvia_min_drill 0.1)
    (edge_width 0.05)
    (segment_width 0.2)
    (pcb_text_width 0.3)
    (pcb_text_size 1.5 1.5)
    (mod_edge_width 0.12)
    (mod_text_size 1 1)
    (mod_text_width 0.15)
    (pad_size 3.66 3.66)
    (pad_drill 1.83)
    (pad_to_mask_clearance 0.051)
    (solder_mask_min_width 0.25)
    (aux_axis_origin 0 0)
    (grid_origin 96 124.5)
    (visible_elements 7FF9FF7F)
    (pcbplotparams
      (layerselection 0x010fc_ffffffff)
      (usegerberextensions false)
      (usegerberattributes false)
      (usegerberadvancedattributes false)
      (creategerberjobfile false)
      (excludeedgelayer true)
      (linewidth 0.100000)
      (plotframeref false)
      (viasonmask false)
      (mode 1)
      (useauxorigin false)
      (hpglpennumber 1)
      (hpglpenspeed 20)
      (hpglpendiameter 15.000000)
      (psnegative false)
      (psa4output false)
      (plotreference true)
      (plotvalue true)
      (plotinvisibletext false)
      (padsonsilk false)
      (subtractmaskfromsilk false)
      (outputformat 1)
      (mirror false)
      (drillshape 1)
      (scaleselection 1)
      (outputdirectory ""))
  )

  (net 0 "")
  (net 1 GND)
  (net 2 +3V3)
  (net 3 /CHARGE_POWER)
  (net 4 +5V)
  (net 5 "Net-(C207-Pad2)")
  (net 6 "Net-(C207-Pad1)")
  (net 7 "Net-(C208-Pad2)")
  (net 8 "Net-(C208-Pad1)")
  (net 9 "Net-(C307-Pad1)")
  (net 10 "Net-(C307-Pad2)")
  (net 11 "Net-(C308-Pad1)")
  (net 12 "Net-(C308-Pad2)")
  (net 13 "Net-(C407-Pad1)")
  (net 14 "Net-(C407-Pad2)")
  (net 15 "Net-(C408-Pad1)")
  (net 16 "Net-(C408-Pad2)")
  (net 17 "Net-(Q202-Pad3)")
  (net 18 "Net-(Q202-Pad1)")
  (net 19 "Net-(Q302-Pad3)")
  (net 20 "Net-(Q302-Pad1)")
  (net 21 "Net-(Q402-Pad3)")
  (net 22 "Net-(Q402-Pad1)")
  (net 23 "Net-(D201-Pad2)")
  (net 24 "Net-(D301-Pad2)")
  (net 25 "Net-(D401-Pad2)")
  (net 26 "Net-(D601-Pad2)")
  (net 27 /Cell_A/CELL_POSITIVE)
  (net 28 /Cell_C/CELL_POSITIVE)
  (net 29 /Cell_D/CELL_POSITIVE)
  (net 30 /Cell_B/CELL_POSITIVE)
  (net 31 "Net-(C204-Pad1)")
  (net 32 "Net-(C206-Pad2)")
  (net 33 "Net-(C206-Pad1)")
  (net 34 /MCU/CELL_A_VOLTAGE)
  (net 35 "Net-(C304-Pad1)")
  (net 36 "Net-(C306-Pad2)")
  (net 37 "Net-(C306-Pad1)")
  (net 38 /MCU/CELL_C_VOLTAGE)
  (net 39 "Net-(C404-Pad1)")
  (net 40 "Net-(C406-Pad2)")
  (net 41 "Net-(C406-Pad1)")
  (net 42 /MCU/CELL_D_VOLTAGE)
  (net 43 "Net-(C604-Pad1)")
  (net 44 "Net-(C606-Pad1)")
  (net 45 "Net-(C606-Pad2)")
  (net 46 "Net-(C607-Pad1)")
  (net 47 "Net-(C607-Pad2)")
  (net 48 "Net-(C608-Pad1)")
  (net 49 "Net-(C608-Pad2)")
  (net 50 /MCU/CELL_B_VOLTAGE)
  (net 51 "Net-(D202-Pad2)")
  (net 52 "Net-(D203-Pad1)")
  (net 53 "Net-(D302-Pad2)")
  (net 54 "Net-(D303-Pad1)")
  (net 55 "Net-(D402-Pad2)")
  (net 56 "Net-(D403-Pad1)")
  (net 57 "Net-(D602-Pad2)")
  (net 58 "Net-(D603-Pad1)")
  (net 59 "Net-(J502-PadA2)")
  (net 60 "Net-(J502-PadA3)")
  (net 61 "Net-(J502-PadA10)")
  (net 62 "Net-(J502-PadA8)")
  (net 63 "Net-(J502-PadA11)")
  (net 64 "Net-(J502-PadB2)")
  (net 65 "Net-(J502-PadB3)")
  (net 66 "Net-(J502-PadB8)")
  (net 67 "Net-(J502-PadB10)")
  (net 68 "Net-(J502-PadB11)")
  (net 69 /MCU/SBWCLK)
  (net 70 /MCU/SBWDIO)
  (net 71 /MCU/CELL_A_CHARGE)
  (net 72 /MCU/CELL_C_CHARGE)
  (net 73 /MCU/CELL_D_CHARGE)
  (net 74 /MCU/CELL_B_CHARGE)
  (net 75 "Net-(Q602-Pad1)")
  (net 76 "Net-(Q602-Pad3)")
  (net 77 /MCU/CELL_A_CHARGE_LED)
  (net 78 /MCU/CELL_A_DISCHARGE_LED)
  (net 79 /MCU/CELL_A_CHARGE_CURRENT)
  (net 80 /MCU/CELL_A_TEMPERATURE)
  (net 81 /MCU/CELL_A_DISCHARGE_CURRENT)
  (net 82 /MCU/CELL_A_DISCHARGE)
  (net 83 "Net-(R217-Pad1)")
  (net 84 /MCU/CELL_C_CHARGE_LED)
  (net 85 /MCU/CELL_C_DISCHARGE_LED)
  (net 86 /MCU/CELL_C_CHARGE_CURRENT)
  (net 87 /MCU/CELL_C_TEMPERATURE)
  (net 88 /MCU/CELL_C_DISCHARGE_CURRENT)
  (net 89 /MCU/CELL_C_DISCHARGE)
  (net 90 "Net-(R317-Pad1)")
  (net 91 /MCU/CELL_D_CHARGE_LED)
  (net 92 /MCU/CELL_D_DISCHARGE_LED)
  (net 93 /MCU/CELL_D_DISCHARGE_CURRENT)
  (net 94 /MCU/CELL_D_TEMPERATURE)
  (net 95 /MCU/CELL_D_CHARGE_CURRENT)
  (net 96 "Net-(R417-Pad1)")
  (net 97 /MCU/CELL_D_DISCHARGE)
  (net 98 /MCU/CELL_B_CHARGE_LED)
  (net 99 /MCU/CELL_B_DISCHARGE_LED)
  (net 100 /MCU/CELL_B_CHARGE_CURRENT)
  (net 101 /MCU/CELL_B_TEMPERATURE)
  (net 102 /MCU/CELL_B_DISCHARGE_CURRENT)
  (net 103 "Net-(R617-Pad1)")
  (net 104 /MCU/CELL_B_DISCHARGE)
  (net 105 "Net-(R701-Pad1)")
  (net 106 /MCU/CHARGE_VOLTAGE)
  (net 107 "Net-(U701-Pad2)")
  (net 108 "Net-(U701-Pad3)")
  (net 109 "Net-(U701-Pad4)")
  (net 110 "Net-(U701-Pad5)")
  (net 111 "Net-(U701-Pad6)")
  (net 112 "Net-(U701-Pad7)")
  (net 113 "Net-(U701-Pad23)")
  (net 114 "Net-(U701-Pad29)")
  (net 115 "Net-(U701-Pad30)")
  (net 116 "Net-(U701-Pad33)")
  (net 117 "Net-(U701-Pad61)")
  (net 118 "Net-(U701-Pad62)")
  (net 119 "Net-(C706-Pad2)")
  (net 120 /MCU/I2C_SCL)
  (net 121 /MCU/I2C_SDA)
  (net 122 /MCU/DAC_~SYNC)
  (net 123 /MCU/DAC_SCLK)
  (net 124 /MCU/DAC_DIN)
  (net 125 GNDPWR)
  (net 126 "Net-(R214-Pad1)")
  (net 127 "Net-(R314-Pad1)")
  (net 128 "Net-(R414-Pad1)")
  (net 129 "Net-(R614-Pad1)")
  (net 130 /Power/USB_VBUS)
  (net 131 /Power/DP)
  (net 132 /Power/DN)
  (net 133 /MCU/TXD)
  (net 134 /MCU/RXD)
  (net 135 /MCU/PCB_TEMPERATURE)
  (net 136 /Power/VCONN)
  (net 137 /MCU/CONTROLLER_POWER)
  (net 138 /Power/CC1)
  (net 139 /Power/CC2)
  (net 140 /MCU/I2C_~INT)
  (net 141 /MCU/HEATSINK_TEMPERATURE)
  (net 142 "Net-(J601-Pad2)")
  (net 143 "Net-(J602-Pad1)")
  (net 144 "Net-(D606-Pad2)")
  (net 145 /Cell_A/GATE)
  (net 146 /Cell_C/GATE)
  (net 147 /Cell_D/GATE)
  (net 148 /Cell_B/GATE)
  (net 149 "Net-(R220-Pad2)")
  (net 150 "Net-(R320-Pad2)")
  (net 151 "Net-(R420-Pad2)")
  (net 152 "Net-(R501-Pad2)")
  (net 153 "Net-(U201-Pad1)")
  (net 154 "Net-(U301-Pad1)")
  (net 155 "Net-(U401-Pad1)")
  (net 156 "Net-(U501-Pad1)")
  (net 157 "Net-(C708-Pad1)")

  (net_class Default "This is the default net class."
    (clearance 0.2)
    (trace_width 0.25)
    (via_dia 0.8)
    (via_drill 0.4)
    (uvia_dia 0.3)
    (uvia_drill 0.1)
    (add_net +3V3)
    (add_net +5V)
    (add_net /CHARGE_POWER)
    (add_net /Cell_A/CELL_POSITIVE)
    (add_net /Cell_A/GATE)
    (add_net /Cell_B/CELL_POSITIVE)
    (add_net /Cell_B/GATE)
    (add_net /Cell_C/CELL_POSITIVE)
    (add_net /Cell_C/GATE)
    (add_net /Cell_D/CELL_POSITIVE)
    (add_net /Cell_D/GATE)
    (add_net /MCU/CELL_A_CHARGE)
    (add_net /MCU/CELL_A_CHARGE_CURRENT)
    (add_net /MCU/CELL_A_CHARGE_LED)
    (add_net /MCU/CELL_A_DISCHARGE)
    (add_net /MCU/CELL_A_DISCHARGE_CURRENT)
    (add_net /MCU/CELL_A_DISCHARGE_LED)
    (add_net /MCU/CELL_A_TEMPERATURE)
    (add_net /MCU/CELL_A_VOLTAGE)
    (add_net /MCU/CELL_B_CHARGE)
    (add_net /MCU/CELL_B_CHARGE_CURRENT)
    (add_net /MCU/CELL_B_CHARGE_LED)
    (add_net /MCU/CELL_B_DISCHARGE)
    (add_net /MCU/CELL_B_DISCHARGE_CURRENT)
    (add_net /MCU/CELL_B_DISCHARGE_LED)
    (add_net /MCU/CELL_B_TEMPERATURE)
    (add_net /MCU/CELL_B_VOLTAGE)
    (add_net /MCU/CELL_C_CHARGE)
    (add_net /MCU/CELL_C_CHARGE_CURRENT)
    (add_net /MCU/CELL_C_CHARGE_LED)
    (add_net /MCU/CELL_C_DISCHARGE)
    (add_net /MCU/CELL_C_DISCHARGE_CURRENT)
    (add_net /MCU/CELL_C_DISCHARGE_LED)
    (add_net /MCU/CELL_C_TEMPERATURE)
    (add_net /MCU/CELL_C_VOLTAGE)
    (add_net /MCU/CELL_D_CHARGE)
    (add_net /MCU/CELL_D_CHARGE_CURRENT)
    (add_net /MCU/CELL_D_CHARGE_LED)
    (add_net /MCU/CELL_D_DISCHARGE)
    (add_net /MCU/CELL_D_DISCHARGE_CURRENT)
    (add_net /MCU/CELL_D_DISCHARGE_LED)
    (add_net /MCU/CELL_D_TEMPERATURE)
    (add_net /MCU/CELL_D_VOLTAGE)
    (add_net /MCU/CHARGE_VOLTAGE)
    (add_net /MCU/CONTROLLER_POWER)
    (add_net /MCU/DAC_DIN)
    (add_net /MCU/DAC_SCLK)
    (add_net /MCU/DAC_~SYNC)
    (add_net /MCU/HEATSINK_TEMPERATURE)
    (add_net /MCU/I2C_SCL)
    (add_net /MCU/I2C_SDA)
    (add_net /MCU/I2C_~INT)
    (add_net /MCU/PCB_TEMPERATURE)
    (add_net /MCU/RXD)
    (add_net /MCU/SBWCLK)
    (add_net /MCU/SBWDIO)
    (add_net /MCU/TXD)
    (add_net /Power/CC1)
    (add_net /Power/CC2)
    (add_net /Power/DN)
    (add_net /Power/DP)
    (add_net /Power/USB_VBUS)
    (add_net /Power/VCONN)
    (add_net GND)
    (add_net GNDPWR)
    (add_net "Net-(C204-Pad1)")
    (add_net "Net-(C206-Pad1)")
    (add_net "Net-(C206-Pad2)")
    (add_net "Net-(C207-Pad1)")
    (add_net "Net-(C207-Pad2)")
    (add_net "Net-(C208-Pad1)")
    (add_net "Net-(C208-Pad2)")
    (add_net "Net-(C304-Pad1)")
    (add_net "Net-(C306-Pad1)")
    (add_net "Net-(C306-Pad2)")
    (add_net "Net-(C307-Pad1)")
    (add_net "Net-(C307-Pad2)")
    (add_net "Net-(C308-Pad1)")
    (add_net "Net-(C308-Pad2)")
    (add_net "Net-(C404-Pad1)")
    (add_net "Net-(C406-Pad1)")
    (add_net "Net-(C406-Pad2)")
    (add_net "Net-(C407-Pad1)")
    (add_net "Net-(C407-Pad2)")
    (add_net "Net-(C408-Pad1)")
    (add_net "Net-(C408-Pad2)")
    (add_net "Net-(C604-Pad1)")
    (add_net "Net-(C606-Pad1)")
    (add_net "Net-(C606-Pad2)")
    (add_net "Net-(C607-Pad1)")
    (add_net "Net-(C607-Pad2)")
    (add_net "Net-(C608-Pad1)")
    (add_net "Net-(C608-Pad2)")
    (add_net "Net-(C706-Pad2)")
    (add_net "Net-(C708-Pad1)")
    (add_net "Net-(D201-Pad2)")
    (add_net "Net-(D202-Pad2)")
    (add_net "Net-(D203-Pad1)")
    (add_net "Net-(D301-Pad2)")
    (add_net "Net-(D302-Pad2)")
    (add_net "Net-(D303-Pad1)")
    (add_net "Net-(D401-Pad2)")
    (add_net "Net-(D402-Pad2)")
    (add_net "Net-(D403-Pad1)")
    (add_net "Net-(D601-Pad2)")
    (add_net "Net-(D602-Pad2)")
    (add_net "Net-(D603-Pad1)")
    (add_net "Net-(D606-Pad2)")
    (add_net "Net-(J502-PadA10)")
    (add_net "Net-(J502-PadA11)")
    (add_net "Net-(J502-PadA2)")
    (add_net "Net-(J502-PadA3)")
    (add_net "Net-(J502-PadA8)")
    (add_net "Net-(J502-PadB10)")
    (add_net "Net-(J502-PadB11)")
    (add_net "Net-(J502-PadB2)")
    (add_net "Net-(J502-PadB3)")
    (add_net "Net-(J502-PadB8)")
    (add_net "Net-(J601-Pad2)")
    (add_net "Net-(J602-Pad1)")
    (add_net "Net-(Q202-Pad1)")
    (add_net "Net-(Q202-Pad3)")
    (add_net "Net-(Q302-Pad1)")
    (add_net "Net-(Q302-Pad3)")
    (add_net "Net-(Q402-Pad1)")
    (add_net "Net-(Q402-Pad3)")
    (add_net "Net-(Q602-Pad1)")
    (add_net "Net-(Q602-Pad3)")
    (add_net "Net-(R214-Pad1)")
    (add_net "Net-(R217-Pad1)")
    (add_net "Net-(R220-Pad2)")
    (add_net "Net-(R314-Pad1)")
    (add_net "Net-(R317-Pad1)")
    (add_net "Net-(R320-Pad2)")
    (add_net "Net-(R414-Pad1)")
    (add_net "Net-(R417-Pad1)")
    (add_net "Net-(R420-Pad2)")
    (add_net "Net-(R501-Pad2)")
    (add_net "Net-(R614-Pad1)")
    (add_net "Net-(R617-Pad1)")
    (add_net "Net-(R701-Pad1)")
    (add_net "Net-(U201-Pad1)")
    (add_net "Net-(U301-Pad1)")
    (add_net "Net-(U401-Pad1)")
    (add_net "Net-(U501-Pad1)")
    (add_net "Net-(U701-Pad2)")
    (add_net "Net-(U701-Pad23)")
    (add_net "Net-(U701-Pad29)")
    (add_net "Net-(U701-Pad3)")
    (add_net "Net-(U701-Pad30)")
    (add_net "Net-(U701-Pad33)")
    (add_net "Net-(U701-Pad4)")
    (add_net "Net-(U701-Pad5)")
    (add_net "Net-(U701-Pad6)")
    (add_net "Net-(U701-Pad61)")
    (add_net "Net-(U701-Pad62)")
    (add_net "Net-(U701-Pad7)")
  )

  (module Resistor_SMD:R_0603_1608Metric (layer B.Cu) (tedit 5B301BBD) (tstamp 5EB5A97A)
    (at 105.4 66.6 270)
    (descr "Resistor SMD 0603 (1608 Metric), square (rectangular) end terminal, IPC_7351 nominal, (Body size source: http://www.tortai-tech.com/upload/download/2011102023233369053.pdf), generated with kicad-footprint-generator")
    (tags resistor)
    (path /5E7FF9E6/5EB5F4A5)
    (attr smd)
    (fp_text reference R208 (at 0 1.43 90) (layer B.SilkS)
      (effects (font (size 1 1) (thickness 0.15)) (justify mirror))
    )
    (fp_text value "22k 0.5%" (at 0 -1.43 90) (layer B.Fab)
      (effects (font (size 1 1) (thickness 0.15)) (justify mirror))
    )
    (fp_line (start 1.48 -0.73) (end -1.48 -0.73) (layer B.CrtYd) (width 0.05))
    (fp_line (start 1.48 0.73) (end 1.48 -0.73) (layer B.CrtYd) (width 0.05))
    (fp_line (start -1.48 0.73) (end 1.48 0.73) (layer B.CrtYd) (width 0.05))
    (fp_line (start -1.48 -0.73) (end -1.48 0.73) (layer B.CrtYd) (width 0.05))
    (fp_line (start -0.162779 -0.51) (end 0.162779 -0.51) (layer B.SilkS) (width 0.12))
    (fp_line (start -0.162779 0.51) (end 0.162779 0.51) (layer B.SilkS) (width 0.12))
    (fp_line (start 0.8 -0.4) (end -0.8 -0.4) (layer B.Fab) (width 0.1))
    (fp_line (start 0.8 0.4) (end 0.8 -0.4) (layer B.Fab) (width 0.1))
    (fp_line (start -0.8 0.4) (end 0.8 0.4) (layer B.Fab) (width 0.1))
    (fp_line (start -0.8 -0.4) (end -0.8 0.4) (layer B.Fab) (width 0.1))
    (fp_text user %R (at 0 0 90) (layer B.Fab)
      (effects (font (size 0.4 0.4) (thickness 0.06)) (justify mirror))
    )
    (pad 1 smd roundrect (at -0.7875 0 270) (size 0.875 0.95) (layers B.Cu B.Paste B.Mask) (roundrect_rratio 0.25)
      (net 1 GND))
    (pad 2 smd roundrect (at 0.7875 0 270) (size 0.875 0.95) (layers B.Cu B.Paste B.Mask) (roundrect_rratio 0.25)
      (net 32 "Net-(C206-Pad2)"))
    (model ${KISYS3DMOD}/Resistor_SMD.3dshapes/R_0603_1608Metric.wrl
      (at (xyz 0 0 0))
      (scale (xyz 1 1 1))
      (rotate (xyz 0 0 0))
    )
  )

  (module Capacitor_SMD:C_0603_1608Metric (layer B.Cu) (tedit 5B301BBE) (tstamp 5F034D9A)
    (at 162.75 111 270)
    (descr "Capacitor SMD 0603 (1608 Metric), square (rectangular) end terminal, IPC_7351 nominal, (Body size source: http://www.tortai-tech.com/upload/download/2011102023233369053.pdf), generated with kicad-footprint-generator")
    (tags capacitor)
    (path /5F017F08/5F5651B4)
    (attr smd)
    (fp_text reference C612 (at 3.4 -0.05 90) (layer B.SilkS)
      (effects (font (size 1 1) (thickness 0.15)) (justify mirror))
    )
    (fp_text value 100n (at 0 -1.43 90) (layer B.Fab)
      (effects (font (size 1 1) (thickness 0.15)) (justify mirror))
    )
    (fp_line (start -0.8 -0.4) (end -0.8 0.4) (layer B.Fab) (width 0.1))
    (fp_line (start -0.8 0.4) (end 0.8 0.4) (layer B.Fab) (width 0.1))
    (fp_line (start 0.8 0.4) (end 0.8 -0.4) (layer B.Fab) (width 0.1))
    (fp_line (start 0.8 -0.4) (end -0.8 -0.4) (layer B.Fab) (width 0.1))
    (fp_line (start -0.162779 0.51) (end 0.162779 0.51) (layer B.SilkS) (width 0.12))
    (fp_line (start -0.162779 -0.51) (end 0.162779 -0.51) (layer B.SilkS) (width 0.12))
    (fp_line (start -1.48 -0.73) (end -1.48 0.73) (layer B.CrtYd) (width 0.05))
    (fp_line (start -1.48 0.73) (end 1.48 0.73) (layer B.CrtYd) (width 0.05))
    (fp_line (start 1.48 0.73) (end 1.48 -0.73) (layer B.CrtYd) (width 0.05))
    (fp_line (start 1.48 -0.73) (end -1.48 -0.73) (layer B.CrtYd) (width 0.05))
    (fp_text user %R (at 0 0 90) (layer B.Fab)
      (effects (font (size 0.4 0.4) (thickness 0.06)) (justify mirror))
    )
    (pad 2 smd roundrect (at 0.7875 0 270) (size 0.875 0.95) (layers B.Cu B.Paste B.Mask) (roundrect_rratio 0.25)
      (net 1 GND))
    (pad 1 smd roundrect (at -0.7875 0 270) (size 0.875 0.95) (layers B.Cu B.Paste B.Mask) (roundrect_rratio 0.25)
      (net 2 +3V3))
    (model ${KISYS3DMOD}/Capacitor_SMD.3dshapes/C_0603_1608Metric.wrl
      (at (xyz 0 0 0))
      (scale (xyz 1 1 1))
      (rotate (xyz 0 0 0))
    )
  )

  (module CellShaper:BatteryHolder_Keystone_534_54 locked (layer F.Cu) (tedit 5E349AE8) (tstamp 5E637D97)
    (at 122.5 69 270)
    (path /5E86CFD4/5E81DDD0)
    (zone_connect 2)
    (fp_text reference BT601 (at -1.27 -11.43 90) (layer F.SilkS) hide
      (effects (font (size 1 1) (thickness 0.15)))
    )
    (fp_text value Battery_Cell (at 31.75 0 90) (layer F.Fab)
      (effects (font (size 1 1) (thickness 0.15)))
    )
    (fp_line (start 66.84 -10) (end 66.84 10) (layer F.SilkS) (width 0.15))
    (fp_line (start 67.056 -10.16) (end -3.81 -10.16) (layer F.CrtYd) (width 0.12))
    (fp_line (start 67.056 10.16) (end 67.056 -10.16) (layer F.CrtYd) (width 0.12))
    (fp_line (start -3.81 10.16) (end 67.056 10.16) (layer F.CrtYd) (width 0.12))
    (fp_line (start -3.81 -10.16) (end -3.81 10.16) (layer F.CrtYd) (width 0.12))
    (fp_line (start 66.84 -10) (end -3.6 -10) (layer F.SilkS) (width 0.15))
    (fp_line (start -3.6 10) (end 66.84 10) (layer F.SilkS) (width 0.15))
    (fp_line (start -3.6 -10) (end -3.6 10) (layer F.SilkS) (width 0.15))
    (pad 1 thru_hole circle (at 0 0 270) (size 3.66 3.66) (drill 1.83) (layers *.Cu *.Mask)
      (net 30 /Cell_B/CELL_POSITIVE) (zone_connect 2))
    (pad 1 thru_hole circle (at 7.62 -2.54 270) (size 3.66 3.66) (drill 1.83) (layers *.Cu *.Mask)
      (net 30 /Cell_B/CELL_POSITIVE) (zone_connect 2))
    (pad 1 thru_hole circle (at 7.62 2.54 270) (size 3.66 3.66) (drill 1.83) (layers *.Cu *.Mask)
      (net 30 /Cell_B/CELL_POSITIVE) (zone_connect 2))
    (pad 2 thru_hole circle (at 55.62 -2.54 270) (size 3.66 3.66) (drill 1.83) (layers *.Cu *.Mask)
      (net 125 GNDPWR) (zone_connect 2))
    (pad 2 thru_hole circle (at 55.62 2.54 270) (size 3.66 3.66) (drill 1.83) (layers *.Cu *.Mask)
      (net 125 GNDPWR) (zone_connect 2))
    (pad 2 thru_hole circle (at 63.24 0 270) (size 3.66 3.66) (drill 1.83) (layers *.Cu *.Mask)
      (net 125 GNDPWR) (zone_connect 2))
    (model ${KIPRJMOD}/CellShaper.pretty/18650.step
      (offset (xyz 64 0 10))
      (scale (xyz 1 1 1))
      (rotate (xyz 0 0 -90))
    )
  )

  (module Resistor_SMD:R_0603_1608Metric (layer B.Cu) (tedit 5B301BBD) (tstamp 5E652BBE)
    (at 153.3 62)
    (descr "Resistor SMD 0603 (1608 Metric), square (rectangular) end terminal, IPC_7351 nominal, (Body size source: http://www.tortai-tech.com/upload/download/2011102023233369053.pdf), generated with kicad-footprint-generator")
    (tags resistor)
    (path /5E86D19E/5E81AA34)
    (attr smd)
    (fp_text reference R317 (at 0 1.43 180) (layer B.SilkS)
      (effects (font (size 1 1) (thickness 0.15)) (justify mirror))
    )
    (fp_text value 1k (at 0 -1.43 180) (layer B.Fab)
      (effects (font (size 1 1) (thickness 0.15)) (justify mirror))
    )
    (fp_line (start -0.8 -0.4) (end -0.8 0.4) (layer B.Fab) (width 0.1))
    (fp_line (start -0.8 0.4) (end 0.8 0.4) (layer B.Fab) (width 0.1))
    (fp_line (start 0.8 0.4) (end 0.8 -0.4) (layer B.Fab) (width 0.1))
    (fp_line (start 0.8 -0.4) (end -0.8 -0.4) (layer B.Fab) (width 0.1))
    (fp_line (start -0.162779 0.51) (end 0.162779 0.51) (layer B.SilkS) (width 0.12))
    (fp_line (start -0.162779 -0.51) (end 0.162779 -0.51) (layer B.SilkS) (width 0.12))
    (fp_line (start -1.48 -0.73) (end -1.48 0.73) (layer B.CrtYd) (width 0.05))
    (fp_line (start -1.48 0.73) (end 1.48 0.73) (layer B.CrtYd) (width 0.05))
    (fp_line (start 1.48 0.73) (end 1.48 -0.73) (layer B.CrtYd) (width 0.05))
    (fp_line (start 1.48 -0.73) (end -1.48 -0.73) (layer B.CrtYd) (width 0.05))
    (fp_text user %R (at 0 0 180) (layer B.Fab)
      (effects (font (size 0.4 0.4) (thickness 0.06)) (justify mirror))
    )
    (pad 2 smd roundrect (at 0.7875 0) (size 0.875 0.95) (layers B.Cu B.Paste B.Mask) (roundrect_rratio 0.25)
      (net 89 /MCU/CELL_C_DISCHARGE))
    (pad 1 smd roundrect (at -0.7875 0) (size 0.875 0.95) (layers B.Cu B.Paste B.Mask) (roundrect_rratio 0.25)
      (net 90 "Net-(R317-Pad1)"))
    (model ${KISYS3DMOD}/Resistor_SMD.3dshapes/R_0603_1608Metric.wrl
      (at (xyz 0 0 0))
      (scale (xyz 1 1 1))
      (rotate (xyz 0 0 0))
    )
  )

  (module Resistor_SMD:R_0603_1608Metric (layer B.Cu) (tedit 5B301BBD) (tstamp 5E638382)
    (at 153.2875 60.5 180)
    (descr "Resistor SMD 0603 (1608 Metric), square (rectangular) end terminal, IPC_7351 nominal, (Body size source: http://www.tortai-tech.com/upload/download/2011102023233369053.pdf), generated with kicad-footprint-generator")
    (tags resistor)
    (path /5E86D19E/5E81AA4B)
    (attr smd)
    (fp_text reference R315 (at 0 1.43 180) (layer B.SilkS)
      (effects (font (size 1 1) (thickness 0.15)) (justify mirror))
    )
    (fp_text value 1k (at 0 -1.43 180) (layer B.Fab)
      (effects (font (size 1 1) (thickness 0.15)) (justify mirror))
    )
    (fp_line (start 1.48 -0.73) (end -1.48 -0.73) (layer B.CrtYd) (width 0.05))
    (fp_line (start 1.48 0.73) (end 1.48 -0.73) (layer B.CrtYd) (width 0.05))
    (fp_line (start -1.48 0.73) (end 1.48 0.73) (layer B.CrtYd) (width 0.05))
    (fp_line (start -1.48 -0.73) (end -1.48 0.73) (layer B.CrtYd) (width 0.05))
    (fp_line (start -0.162779 -0.51) (end 0.162779 -0.51) (layer B.SilkS) (width 0.12))
    (fp_line (start -0.162779 0.51) (end 0.162779 0.51) (layer B.SilkS) (width 0.12))
    (fp_line (start 0.8 -0.4) (end -0.8 -0.4) (layer B.Fab) (width 0.1))
    (fp_line (start 0.8 0.4) (end 0.8 -0.4) (layer B.Fab) (width 0.1))
    (fp_line (start -0.8 0.4) (end 0.8 0.4) (layer B.Fab) (width 0.1))
    (fp_line (start -0.8 -0.4) (end -0.8 0.4) (layer B.Fab) (width 0.1))
    (fp_text user %R (at 0 0 180) (layer B.Fab)
      (effects (font (size 0.4 0.4) (thickness 0.06)) (justify mirror))
    )
    (pad 1 smd roundrect (at -0.7875 0 180) (size 0.875 0.95) (layers B.Cu B.Paste B.Mask) (roundrect_rratio 0.25)
      (net 12 "Net-(C308-Pad2)"))
    (pad 2 smd roundrect (at 0.7875 0 180) (size 0.875 0.95) (layers B.Cu B.Paste B.Mask) (roundrect_rratio 0.25)
      (net 88 /MCU/CELL_C_DISCHARGE_CURRENT))
    (model ${KISYS3DMOD}/Resistor_SMD.3dshapes/R_0603_1608Metric.wrl
      (at (xyz 0 0 0))
      (scale (xyz 1 1 1))
      (rotate (xyz 0 0 0))
    )
  )

  (module CellShaper:BatteryHolder_Keystone_534_54 locked (layer F.Cu) (tedit 5E349AE8) (tstamp 5E637D85)
    (at 97.5 69 270)
    (path /5E7FF9E6/5E81DDD0)
    (zone_connect 2)
    (fp_text reference BT201 (at -1.27 -11.43 90) (layer F.SilkS) hide
      (effects (font (size 1 1) (thickness 0.15)))
    )
    (fp_text value Battery_Cell (at 31.75 0 90) (layer F.Fab)
      (effects (font (size 1 1) (thickness 0.15)))
    )
    (fp_line (start 66.84 -10) (end 66.84 10) (layer F.SilkS) (width 0.15))
    (fp_line (start 67.056 -10.16) (end -3.81 -10.16) (layer F.CrtYd) (width 0.12))
    (fp_line (start 67.056 10.16) (end 67.056 -10.16) (layer F.CrtYd) (width 0.12))
    (fp_line (start -3.81 10.16) (end 67.056 10.16) (layer F.CrtYd) (width 0.12))
    (fp_line (start -3.81 -10.16) (end -3.81 10.16) (layer F.CrtYd) (width 0.12))
    (fp_line (start 66.84 -10) (end -3.6 -10) (layer F.SilkS) (width 0.15))
    (fp_line (start -3.6 10) (end 66.84 10) (layer F.SilkS) (width 0.15))
    (fp_line (start -3.6 -10) (end -3.6 10) (layer F.SilkS) (width 0.15))
    (pad 1 thru_hole circle (at 0 0 270) (size 3.66 3.66) (drill 1.83) (layers *.Cu *.Mask)
      (net 27 /Cell_A/CELL_POSITIVE) (zone_connect 2))
    (pad 1 thru_hole circle (at 7.62 -2.54 270) (size 3.66 3.66) (drill 1.83) (layers *.Cu *.Mask)
      (net 27 /Cell_A/CELL_POSITIVE) (zone_connect 2))
    (pad 1 thru_hole circle (at 7.62 2.54 270) (size 3.66 3.66) (drill 1.83) (layers *.Cu *.Mask)
      (net 27 /Cell_A/CELL_POSITIVE) (zone_connect 2))
    (pad 2 thru_hole circle (at 55.62 -2.54 270) (size 3.66 3.66) (drill 1.83) (layers *.Cu *.Mask)
      (net 125 GNDPWR) (zone_connect 2))
    (pad 2 thru_hole circle (at 55.62 2.54 270) (size 3.66 3.66) (drill 1.83) (layers *.Cu *.Mask)
      (net 125 GNDPWR) (zone_connect 2))
    (pad 2 thru_hole circle (at 63.24 0 270) (size 3.66 3.66) (drill 1.83) (layers *.Cu *.Mask)
      (net 125 GNDPWR) (zone_connect 2))
    (model ${KIPRJMOD}/CellShaper.pretty/18650.step
      (offset (xyz 64 0 10))
      (scale (xyz 1 1 1))
      (rotate (xyz 0 0 -90))
    )
  )

  (module CellShaper:BatteryHolder_Keystone_534_54 locked (layer F.Cu) (tedit 5E349AE8) (tstamp 5E637DA9)
    (at 147.5 69 270)
    (path /5E86D19E/5E81DDD0)
    (zone_connect 2)
    (fp_text reference BT301 (at -1.27 -11.43 90) (layer F.SilkS) hide
      (effects (font (size 1 1) (thickness 0.15)))
    )
    (fp_text value Battery_Cell (at 31.75 0 90) (layer F.Fab)
      (effects (font (size 1 1) (thickness 0.15)))
    )
    (fp_line (start -3.6 -10) (end -3.6 10) (layer F.SilkS) (width 0.15))
    (fp_line (start -3.6 10) (end 66.84 10) (layer F.SilkS) (width 0.15))
    (fp_line (start 66.84 -10) (end -3.6 -10) (layer F.SilkS) (width 0.15))
    (fp_line (start -3.81 -10.16) (end -3.81 10.16) (layer F.CrtYd) (width 0.12))
    (fp_line (start -3.81 10.16) (end 67.056 10.16) (layer F.CrtYd) (width 0.12))
    (fp_line (start 67.056 10.16) (end 67.056 -10.16) (layer F.CrtYd) (width 0.12))
    (fp_line (start 67.056 -10.16) (end -3.81 -10.16) (layer F.CrtYd) (width 0.12))
    (fp_line (start 66.84 -10) (end 66.84 10) (layer F.SilkS) (width 0.15))
    (pad 2 thru_hole circle (at 63.24 0 270) (size 3.66 3.66) (drill 1.83) (layers *.Cu *.Mask)
      (net 125 GNDPWR) (zone_connect 2))
    (pad 2 thru_hole circle (at 55.62 2.54 270) (size 3.66 3.66) (drill 1.83) (layers *.Cu *.Mask)
      (net 125 GNDPWR) (zone_connect 2))
    (pad 2 thru_hole circle (at 55.62 -2.54 270) (size 3.66 3.66) (drill 1.83) (layers *.Cu *.Mask)
      (net 125 GNDPWR) (zone_connect 2))
    (pad 1 thru_hole circle (at 7.62 2.54 270) (size 3.66 3.66) (drill 1.83) (layers *.Cu *.Mask)
      (net 28 /Cell_C/CELL_POSITIVE) (zone_connect 2))
    (pad 1 thru_hole circle (at 7.62 -2.54 270) (size 3.66 3.66) (drill 1.83) (layers *.Cu *.Mask)
      (net 28 /Cell_C/CELL_POSITIVE) (zone_connect 2))
    (pad 1 thru_hole circle (at 0 0 270) (size 3.66 3.66) (drill 1.83) (layers *.Cu *.Mask)
      (net 28 /Cell_C/CELL_POSITIVE) (zone_connect 2))
    (model ${KIPRJMOD}/CellShaper.pretty/18650.step
      (offset (xyz 64 0 10))
      (scale (xyz 1 1 1))
      (rotate (xyz 0 0 -90))
    )
  )

  (module CellShaper:BatteryHolder_Keystone_534_54 locked (layer F.Cu) (tedit 5E349AE8) (tstamp 5E63DEB4)
    (at 172.5 69 270)
    (path /5E86D39E/5E81DDD0)
    (zone_connect 2)
    (fp_text reference BT401 (at -1.27 -11.43 90) (layer F.SilkS) hide
      (effects (font (size 1 1) (thickness 0.15)))
    )
    (fp_text value Battery_Cell (at 31.75 0 90) (layer F.Fab)
      (effects (font (size 1 1) (thickness 0.15)))
    )
    (fp_line (start -3.6 -10) (end -3.6 10) (layer F.SilkS) (width 0.15))
    (fp_line (start -3.6 10) (end 66.84 10) (layer F.SilkS) (width 0.15))
    (fp_line (start 66.84 -10) (end -3.6 -10) (layer F.SilkS) (width 0.15))
    (fp_line (start -3.81 -10.16) (end -3.81 10.16) (layer F.CrtYd) (width 0.12))
    (fp_line (start -3.81 10.16) (end 67.056 10.16) (layer F.CrtYd) (width 0.12))
    (fp_line (start 67.056 10.16) (end 67.056 -10.16) (layer F.CrtYd) (width 0.12))
    (fp_line (start 67.056 -10.16) (end -3.81 -10.16) (layer F.CrtYd) (width 0.12))
    (fp_line (start 66.84 -10) (end 66.84 10) (layer F.SilkS) (width 0.15))
    (pad 2 thru_hole circle (at 63.24 0 270) (size 3.66 3.66) (drill 1.83) (layers *.Cu *.Mask)
      (net 125 GNDPWR) (zone_connect 2))
    (pad 2 thru_hole circle (at 55.62 2.54 270) (size 3.66 3.66) (drill 1.83) (layers *.Cu *.Mask)
      (net 125 GNDPWR) (zone_connect 2))
    (pad 2 thru_hole circle (at 55.62 -2.54 270) (size 3.66 3.66) (drill 1.83) (layers *.Cu *.Mask)
      (net 125 GNDPWR) (zone_connect 2))
    (pad 1 thru_hole circle (at 7.62 2.54 270) (size 3.66 3.66) (drill 1.83) (layers *.Cu *.Mask)
      (net 29 /Cell_D/CELL_POSITIVE) (zone_connect 2))
    (pad 1 thru_hole circle (at 7.62 -2.54 270) (size 3.66 3.66) (drill 1.83) (layers *.Cu *.Mask)
      (net 29 /Cell_D/CELL_POSITIVE) (zone_connect 2))
    (pad 1 thru_hole circle (at 0 0 270) (size 3.66 3.66) (drill 1.83) (layers *.Cu *.Mask)
      (net 29 /Cell_D/CELL_POSITIVE) (zone_connect 2))
    (model ${KIPRJMOD}/CellShaper.pretty/18650.step
      (offset (xyz 64 0 10))
      (scale (xyz 1 1 1))
      (rotate (xyz 0 0 -90))
    )
  )

  (module Capacitor_SMD:C_0805_2012Metric (layer B.Cu) (tedit 5B36C52B) (tstamp 5E637E32)
    (at 95.65 89.9125 90)
    (descr "Capacitor SMD 0805 (2012 Metric), square (rectangular) end terminal, IPC_7351 nominal, (Body size source: https://docs.google.com/spreadsheets/d/1BsfQQcO9C6DZCsRaXUlFlo91Tg2WpOkGARC1WS5S8t0/edit?usp=sharing), generated with kicad-footprint-generator")
    (tags capacitor)
    (path /5E7FF9E6/5E81AB6B)
    (attr smd)
    (fp_text reference C201 (at 0 1.65 90) (layer B.SilkS)
      (effects (font (size 1 1) (thickness 0.15)) (justify mirror))
    )
    (fp_text value "10u 16V" (at 0 -1.65 90) (layer B.Fab)
      (effects (font (size 1 1) (thickness 0.15)) (justify mirror))
    )
    (fp_line (start 1.68 -0.95) (end -1.68 -0.95) (layer B.CrtYd) (width 0.05))
    (fp_line (start 1.68 0.95) (end 1.68 -0.95) (layer B.CrtYd) (width 0.05))
    (fp_line (start -1.68 0.95) (end 1.68 0.95) (layer B.CrtYd) (width 0.05))
    (fp_line (start -1.68 -0.95) (end -1.68 0.95) (layer B.CrtYd) (width 0.05))
    (fp_line (start -0.258578 -0.71) (end 0.258578 -0.71) (layer B.SilkS) (width 0.12))
    (fp_line (start -0.258578 0.71) (end 0.258578 0.71) (layer B.SilkS) (width 0.12))
    (fp_line (start 1 -0.6) (end -1 -0.6) (layer B.Fab) (width 0.1))
    (fp_line (start 1 0.6) (end 1 -0.6) (layer B.Fab) (width 0.1))
    (fp_line (start -1 0.6) (end 1 0.6) (layer B.Fab) (width 0.1))
    (fp_line (start -1 -0.6) (end -1 0.6) (layer B.Fab) (width 0.1))
    (fp_text user %R (at 0 0 90) (layer B.Fab)
      (effects (font (size 0.5 0.5) (thickness 0.08)) (justify mirror))
    )
    (pad 1 smd roundrect (at -0.9375 0 90) (size 0.975 1.4) (layers B.Cu B.Paste B.Mask) (roundrect_rratio 0.25)
      (net 3 /CHARGE_POWER))
    (pad 2 smd roundrect (at 0.9375 0 90) (size 0.975 1.4) (layers B.Cu B.Paste B.Mask) (roundrect_rratio 0.25)
      (net 1 GND))
    (model ${KISYS3DMOD}/Capacitor_SMD.3dshapes/C_0805_2012Metric.wrl
      (at (xyz 0 0 0))
      (scale (xyz 1 1 1))
      (rotate (xyz 0 0 0))
    )
  )

  (module Capacitor_SMD:C_0805_2012Metric (layer B.Cu) (tedit 5B36C52B) (tstamp 5E637E43)
    (at 97.6 89.9 90)
    (descr "Capacitor SMD 0805 (2012 Metric), square (rectangular) end terminal, IPC_7351 nominal, (Body size source: https://docs.google.com/spreadsheets/d/1BsfQQcO9C6DZCsRaXUlFlo91Tg2WpOkGARC1WS5S8t0/edit?usp=sharing), generated with kicad-footprint-generator")
    (tags capacitor)
    (path /5E7FF9E6/5E81AB64)
    (attr smd)
    (fp_text reference C202 (at 0 1.65 90) (layer B.SilkS)
      (effects (font (size 1 1) (thickness 0.15)) (justify mirror))
    )
    (fp_text value "10u 16V" (at 0 -1.65 90) (layer B.Fab)
      (effects (font (size 1 1) (thickness 0.15)) (justify mirror))
    )
    (fp_line (start -1 -0.6) (end -1 0.6) (layer B.Fab) (width 0.1))
    (fp_line (start -1 0.6) (end 1 0.6) (layer B.Fab) (width 0.1))
    (fp_line (start 1 0.6) (end 1 -0.6) (layer B.Fab) (width 0.1))
    (fp_line (start 1 -0.6) (end -1 -0.6) (layer B.Fab) (width 0.1))
    (fp_line (start -0.258578 0.71) (end 0.258578 0.71) (layer B.SilkS) (width 0.12))
    (fp_line (start -0.258578 -0.71) (end 0.258578 -0.71) (layer B.SilkS) (width 0.12))
    (fp_line (start -1.68 -0.95) (end -1.68 0.95) (layer B.CrtYd) (width 0.05))
    (fp_line (start -1.68 0.95) (end 1.68 0.95) (layer B.CrtYd) (width 0.05))
    (fp_line (start 1.68 0.95) (end 1.68 -0.95) (layer B.CrtYd) (width 0.05))
    (fp_line (start 1.68 -0.95) (end -1.68 -0.95) (layer B.CrtYd) (width 0.05))
    (fp_text user %R (at 0 0 90) (layer B.Fab)
      (effects (font (size 0.5 0.5) (thickness 0.08)) (justify mirror))
    )
    (pad 2 smd roundrect (at 0.9375 0 90) (size 0.975 1.4) (layers B.Cu B.Paste B.Mask) (roundrect_rratio 0.25)
      (net 1 GND))
    (pad 1 smd roundrect (at -0.9375 0 90) (size 0.975 1.4) (layers B.Cu B.Paste B.Mask) (roundrect_rratio 0.25)
      (net 3 /CHARGE_POWER))
    (model ${KISYS3DMOD}/Capacitor_SMD.3dshapes/C_0805_2012Metric.wrl
      (at (xyz 0 0 0))
      (scale (xyz 1 1 1))
      (rotate (xyz 0 0 0))
    )
  )

  (module Capacitor_SMD:C_0805_2012Metric (layer B.Cu) (tedit 5B36C52B) (tstamp 5E637E54)
    (at 104.4875 77.7)
    (descr "Capacitor SMD 0805 (2012 Metric), square (rectangular) end terminal, IPC_7351 nominal, (Body size source: https://docs.google.com/spreadsheets/d/1BsfQQcO9C6DZCsRaXUlFlo91Tg2WpOkGARC1WS5S8t0/edit?usp=sharing), generated with kicad-footprint-generator")
    (tags capacitor)
    (path /5E7FF9E6/5E81AAD7)
    (attr smd)
    (fp_text reference C204 (at 0 1.65) (layer B.SilkS)
      (effects (font (size 1 1) (thickness 0.15)) (justify mirror))
    )
    (fp_text value 22u (at 0 -1.65) (layer B.Fab)
      (effects (font (size 1 1) (thickness 0.15)) (justify mirror))
    )
    (fp_line (start 1.68 -0.95) (end -1.68 -0.95) (layer B.CrtYd) (width 0.05))
    (fp_line (start 1.68 0.95) (end 1.68 -0.95) (layer B.CrtYd) (width 0.05))
    (fp_line (start -1.68 0.95) (end 1.68 0.95) (layer B.CrtYd) (width 0.05))
    (fp_line (start -1.68 -0.95) (end -1.68 0.95) (layer B.CrtYd) (width 0.05))
    (fp_line (start -0.258578 -0.71) (end 0.258578 -0.71) (layer B.SilkS) (width 0.12))
    (fp_line (start -0.258578 0.71) (end 0.258578 0.71) (layer B.SilkS) (width 0.12))
    (fp_line (start 1 -0.6) (end -1 -0.6) (layer B.Fab) (width 0.1))
    (fp_line (start 1 0.6) (end 1 -0.6) (layer B.Fab) (width 0.1))
    (fp_line (start -1 0.6) (end 1 0.6) (layer B.Fab) (width 0.1))
    (fp_line (start -1 -0.6) (end -1 0.6) (layer B.Fab) (width 0.1))
    (fp_text user %R (at 0 0) (layer B.Fab)
      (effects (font (size 0.5 0.5) (thickness 0.08)) (justify mirror))
    )
    (pad 1 smd roundrect (at -0.9375 0) (size 0.975 1.4) (layers B.Cu B.Paste B.Mask) (roundrect_rratio 0.25)
      (net 31 "Net-(C204-Pad1)"))
    (pad 2 smd roundrect (at 0.9375 0) (size 0.975 1.4) (layers B.Cu B.Paste B.Mask) (roundrect_rratio 0.25)
      (net 1 GND))
    (model ${KISYS3DMOD}/Capacitor_SMD.3dshapes/C_0805_2012Metric.wrl
      (at (xyz 0 0 0))
      (scale (xyz 1 1 1))
      (rotate (xyz 0 0 0))
    )
  )

  (module Capacitor_SMD:C_0805_2012Metric (layer B.Cu) (tedit 5B36C52B) (tstamp 5E637E65)
    (at 104.4875 75.7)
    (descr "Capacitor SMD 0805 (2012 Metric), square (rectangular) end terminal, IPC_7351 nominal, (Body size source: https://docs.google.com/spreadsheets/d/1BsfQQcO9C6DZCsRaXUlFlo91Tg2WpOkGARC1WS5S8t0/edit?usp=sharing), generated with kicad-footprint-generator")
    (tags capacitor)
    (path /5E7FF9E6/5E81AADD)
    (attr smd)
    (fp_text reference C205 (at 0 1.65) (layer B.SilkS)
      (effects (font (size 1 1) (thickness 0.15)) (justify mirror))
    )
    (fp_text value 10u (at 0 -1.65) (layer B.Fab)
      (effects (font (size 1 1) (thickness 0.15)) (justify mirror))
    )
    (fp_line (start -1 -0.6) (end -1 0.6) (layer B.Fab) (width 0.1))
    (fp_line (start -1 0.6) (end 1 0.6) (layer B.Fab) (width 0.1))
    (fp_line (start 1 0.6) (end 1 -0.6) (layer B.Fab) (width 0.1))
    (fp_line (start 1 -0.6) (end -1 -0.6) (layer B.Fab) (width 0.1))
    (fp_line (start -0.258578 0.71) (end 0.258578 0.71) (layer B.SilkS) (width 0.12))
    (fp_line (start -0.258578 -0.71) (end 0.258578 -0.71) (layer B.SilkS) (width 0.12))
    (fp_line (start -1.68 -0.95) (end -1.68 0.95) (layer B.CrtYd) (width 0.05))
    (fp_line (start -1.68 0.95) (end 1.68 0.95) (layer B.CrtYd) (width 0.05))
    (fp_line (start 1.68 0.95) (end 1.68 -0.95) (layer B.CrtYd) (width 0.05))
    (fp_line (start 1.68 -0.95) (end -1.68 -0.95) (layer B.CrtYd) (width 0.05))
    (fp_text user %R (at 0 0) (layer B.Fab)
      (effects (font (size 0.5 0.5) (thickness 0.08)) (justify mirror))
    )
    (pad 2 smd roundrect (at 0.9375 0) (size 0.975 1.4) (layers B.Cu B.Paste B.Mask) (roundrect_rratio 0.25)
      (net 1 GND))
    (pad 1 smd roundrect (at -0.9375 0) (size 0.975 1.4) (layers B.Cu B.Paste B.Mask) (roundrect_rratio 0.25)
      (net 31 "Net-(C204-Pad1)"))
    (model ${KISYS3DMOD}/Capacitor_SMD.3dshapes/C_0805_2012Metric.wrl
      (at (xyz 0 0 0))
      (scale (xyz 1 1 1))
      (rotate (xyz 0 0 0))
    )
  )

  (module Capacitor_SMD:C_0603_1608Metric (layer B.Cu) (tedit 5B301BBE) (tstamp 5E637E76)
    (at 103.0125 66.5)
    (descr "Capacitor SMD 0603 (1608 Metric), square (rectangular) end terminal, IPC_7351 nominal, (Body size source: http://www.tortai-tech.com/upload/download/2011102023233369053.pdf), generated with kicad-footprint-generator")
    (tags capacitor)
    (path /5E7FF9E6/5E81AAC6)
    (attr smd)
    (fp_text reference C206 (at 0 1.43) (layer B.SilkS)
      (effects (font (size 1 1) (thickness 0.15)) (justify mirror))
    )
    (fp_text value 100n (at 0 -1.43) (layer B.Fab)
      (effects (font (size 1 1) (thickness 0.15)) (justify mirror))
    )
    (fp_line (start -0.8 -0.4) (end -0.8 0.4) (layer B.Fab) (width 0.1))
    (fp_line (start -0.8 0.4) (end 0.8 0.4) (layer B.Fab) (width 0.1))
    (fp_line (start 0.8 0.4) (end 0.8 -0.4) (layer B.Fab) (width 0.1))
    (fp_line (start 0.8 -0.4) (end -0.8 -0.4) (layer B.Fab) (width 0.1))
    (fp_line (start -0.162779 0.51) (end 0.162779 0.51) (layer B.SilkS) (width 0.12))
    (fp_line (start -0.162779 -0.51) (end 0.162779 -0.51) (layer B.SilkS) (width 0.12))
    (fp_line (start -1.48 -0.73) (end -1.48 0.73) (layer B.CrtYd) (width 0.05))
    (fp_line (start -1.48 0.73) (end 1.48 0.73) (layer B.CrtYd) (width 0.05))
    (fp_line (start 1.48 0.73) (end 1.48 -0.73) (layer B.CrtYd) (width 0.05))
    (fp_line (start 1.48 -0.73) (end -1.48 -0.73) (layer B.CrtYd) (width 0.05))
    (fp_text user %R (at 0 0) (layer B.Fab)
      (effects (font (size 0.4 0.4) (thickness 0.06)) (justify mirror))
    )
    (pad 2 smd roundrect (at 0.7875 0) (size 0.875 0.95) (layers B.Cu B.Paste B.Mask) (roundrect_rratio 0.25)
      (net 32 "Net-(C206-Pad2)"))
    (pad 1 smd roundrect (at -0.7875 0) (size 0.875 0.95) (layers B.Cu B.Paste B.Mask) (roundrect_rratio 0.25)
      (net 33 "Net-(C206-Pad1)"))
    (model ${KISYS3DMOD}/Capacitor_SMD.3dshapes/C_0603_1608Metric.wrl
      (at (xyz 0 0 0))
      (scale (xyz 1 1 1))
      (rotate (xyz 0 0 0))
    )
  )

  (module Capacitor_SMD:C_0603_1608Metric (layer B.Cu) (tedit 5B301BBE) (tstamp 5E637E87)
    (at 93.5375 61.85 180)
    (descr "Capacitor SMD 0603 (1608 Metric), square (rectangular) end terminal, IPC_7351 nominal, (Body size source: http://www.tortai-tech.com/upload/download/2011102023233369053.pdf), generated with kicad-footprint-generator")
    (tags capacitor)
    (path /5E7FF9E6/5E81AA74)
    (attr smd)
    (fp_text reference C203 (at 0 1.43) (layer B.SilkS)
      (effects (font (size 1 1) (thickness 0.15)) (justify mirror))
    )
    (fp_text value 100n (at 0 -1.43) (layer B.Fab)
      (effects (font (size 1 1) (thickness 0.15)) (justify mirror))
    )
    (fp_line (start -0.8 -0.4) (end -0.8 0.4) (layer B.Fab) (width 0.1))
    (fp_line (start -0.8 0.4) (end 0.8 0.4) (layer B.Fab) (width 0.1))
    (fp_line (start 0.8 0.4) (end 0.8 -0.4) (layer B.Fab) (width 0.1))
    (fp_line (start 0.8 -0.4) (end -0.8 -0.4) (layer B.Fab) (width 0.1))
    (fp_line (start -0.162779 0.51) (end 0.162779 0.51) (layer B.SilkS) (width 0.12))
    (fp_line (start -0.162779 -0.51) (end 0.162779 -0.51) (layer B.SilkS) (width 0.12))
