(kicad_pcb (version 20171130) (host pcbnew "(5.1.5)-3")

  (general
    (thickness 1.6)
    (drawings 30)
    (tracks 125)
    (zones 0)
    (modules 172)
    (nets 147)
  )

  (page A4)
  (title_block
    (title CellShaper)
    (rev v1)
    (company petrinm)
  )

  (layers
    (0 F.Cu signal)
    (1 In1.Cu power)
    (2 In2.Cu power)
    (31 B.Cu signal)
    (32 B.Adhes user)
    (33 F.Adhes user)
    (34 B.Paste user)
    (35 F.Paste user)
    (36 B.SilkS user)
    (37 F.SilkS user)
    (38 B.Mask user)
    (39 F.Mask user)
    (40 Dwgs.User user)
    (41 Cmts.User user)
    (42 Eco1.User user)
    (43 Eco2.User user)
    (44 Edge.Cuts user)
    (45 Margin user)
    (46 B.CrtYd user)
    (47 F.CrtYd user)
    (48 B.Fab user)
    (49 F.Fab user)
  )

  (setup
    (last_trace_width 0.25)
    (user_trace_width 0.4)
    (user_trace_width 0.6)
    (user_trace_width 0.8)
    (user_trace_width 1)
    (user_trace_width 1.6)
    (user_trace_width 2)
    (trace_clearance 0.2)
    (zone_clearance 0.508)
    (zone_45_only no)
    (trace_min 0.2)
    (via_size 0.8)
    (via_drill 0.4)
    (via_min_size 0.4)
    (via_min_drill 0.3)
    (uvia_size 0.3)
    (uvia_drill 0.1)
    (uvias_allowed no)
    (uvia_min_size 0.2)
    (uvia_min_drill 0.1)
    (edge_width 0.05)
    (segment_width 0.2)
    (pcb_text_width 0.3)
    (pcb_text_size 1.5 1.5)
    (mod_edge_width 0.12)
    (mod_text_size 1 1)
    (mod_text_width 0.15)
    (pad_size 1.524 1.524)
    (pad_drill 0.762)
    (pad_to_mask_clearance 0.051)
    (solder_mask_min_width 0.25)
    (aux_axis_origin 0 0)
    (visible_elements 7FFDFF7F)
    (pcbplotparams
      (layerselection 0x010fc_ffffffff)
      (usegerberextensions false)
      (usegerberattributes false)
      (usegerberadvancedattributes false)
      (creategerberjobfile false)
      (excludeedgelayer true)
      (linewidth 0.100000)
      (plotframeref false)
      (viasonmask false)
      (mode 1)
      (useauxorigin false)
      (hpglpennumber 1)
      (hpglpenspeed 20)
      (hpglpendiameter 15.000000)
      (psnegative false)
      (psa4output false)
      (plotreference true)
      (plotvalue true)
      (plotinvisibletext false)
      (padsonsilk false)
      (subtractmaskfromsilk false)
      (outputformat 1)
      (mirror false)
      (drillshape 1)
      (scaleselection 1)
      (outputdirectory ""))
  )

  (net 0 "")
  (net 1 /Cell_A/CELL)
  (net 2 GND)
  (net 3 /Cell_B/CELL)
  (net 4 /Cell_C/CELL)
  (net 5 /Cell_D/CELL)
  (net 6 +3V3)
  (net 7 /CHARGE_POWER)
  (net 8 "Net-(C203-Pad1)")
  (net 9 "Net-(C205-Pad2)")
  (net 10 "Net-(C205-Pad1)")
  (net 11 +5V)
  (net 12 "Net-(C207-Pad2)")
  (net 13 "Net-(C207-Pad1)")
  (net 14 "Net-(C208-Pad2)")
  (net 15 "Net-(C208-Pad1)")
  (net 16 "Net-(C209-Pad1)")
  (net 17 /CELL_A_VOLTAGE)
  (net 18 "Net-(C303-Pad1)")
  (net 19 "Net-(C305-Pad1)")
  (net 20 "Net-(C305-Pad2)")
  (net 21 "Net-(C307-Pad1)")
  (net 22 "Net-(C307-Pad2)")
  (net 23 "Net-(C308-Pad1)")
  (net 24 "Net-(C308-Pad2)")
  (net 25 "Net-(C309-Pad1)")
  (net 26 /CELL_B_VOLTAGE)
  (net 27 "Net-(C403-Pad1)")
  (net 28 "Net-(C405-Pad2)")
  (net 29 "Net-(C405-Pad1)")
  (net 30 "Net-(C407-Pad1)")
  (net 31 "Net-(C407-Pad2)")
  (net 32 "Net-(C408-Pad1)")
  (net 33 "Net-(C408-Pad2)")
  (net 34 "Net-(C409-Pad1)")
  (net 35 /CELL_C_VOLTAGE)
  (net 36 "Net-(C503-Pad1)")
  (net 37 "Net-(C505-Pad2)")
  (net 38 "Net-(C505-Pad1)")
  (net 39 "Net-(C507-Pad2)")
  (net 40 "Net-(C507-Pad1)")
  (net 41 "Net-(C508-Pad2)")
  (net 42 "Net-(C508-Pad1)")
  (net 43 "Net-(C509-Pad1)")
  (net 44 /CELL_D_VOLTAGE)
  (net 45 /CELL_A_CHARGE)
  (net 46 /CELL_A_CHARGE_CURRENT)
  (net 47 "Net-(Q202-Pad3)")
  (net 48 "Net-(Q202-Pad1)")
  (net 49 "Net-(R210-Pad2)")
  (net 50 /CELL_A_DISCHARGE_CURRENT)
  (net 51 "Net-(R213-Pad1)")
  (net 52 /CELL_A_DISCHARGE)
  (net 53 /CELL_B_CHARGE)
  (net 54 /CELL_B_CHARGE_CURRENT)
  (net 55 "Net-(Q302-Pad3)")
  (net 56 "Net-(Q302-Pad1)")
  (net 57 "Net-(R312-Pad2)")
  (net 58 /CELL_B_DISCHARGE_CURRENT)
  (net 59 "Net-(R315-Pad1)")
  (net 60 /CELL_B_DISCHARGE)
  (net 61 /CELL_C_CHARGE)
  (net 62 /CELL_C_CHARGE_CURRENT)
  (net 63 "Net-(Q402-Pad3)")
  (net 64 "Net-(Q402-Pad1)")
  (net 65 "Net-(R412-Pad2)")
  (net 66 /CELL_C_DISHARGE_CURRENT)
  (net 67 "Net-(R415-Pad1)")
  (net 68 /CELL_C_DISCHARGE)
  (net 69 /CELL_D_CHARGE)
  (net 70 /CELL_D_CHARGE_CURRENT)
  (net 71 "Net-(Q502-Pad3)")
  (net 72 "Net-(Q502-Pad1)")
  (net 73 "Net-(R512-Pad2)")
  (net 74 /CELL_D_DISCHARGE_CURRENT)
  (net 75 "Net-(R515-Pad1)")
  (net 76 /CELL_D_DISCHARGE)
  (net 77 "Net-(D201-Pad2)")
  (net 78 "Net-(D203-Pad2)")
  (net 79 "Net-(D301-Pad2)")
  (net 80 "Net-(D303-Pad2)")
  (net 81 "Net-(D401-Pad2)")
  (net 82 "Net-(D403-Pad2)")
  (net 83 "Net-(D501-Pad2)")
  (net 84 "Net-(D503-Pad2)")
  (net 85 "Net-(U101-Pad1)")
  (net 86 "Net-(U101-Pad2)")
  (net 87 "Net-(U101-Pad3)")
  (net 88 "Net-(U101-Pad4)")
  (net 89 "Net-(U101-Pad5)")
  (net 90 "Net-(U101-Pad6)")
  (net 91 "Net-(U101-Pad7)")
  (net 92 "Net-(U101-Pad8)")
  (net 93 "Net-(U101-Pad9)")
  (net 94 "Net-(U101-Pad10)")
  (net 95 "Net-(U101-Pad11)")
  (net 96 "Net-(U101-Pad14)")
  (net 97 "Net-(U101-Pad15)")
  (net 98 "Net-(U101-Pad16)")
  (net 99 "Net-(U101-Pad17)")
  (net 100 "Net-(U101-Pad20)")
  (net 101 "Net-(U101-Pad21)")
  (net 102 "Net-(U101-Pad22)")
  (net 103 "Net-(U101-Pad23)")
  (net 104 "Net-(U101-Pad24)")
  (net 105 "Net-(U101-Pad25)")
  (net 106 "Net-(U101-Pad26)")
  (net 107 "Net-(U101-Pad27)")
  (net 108 "Net-(U101-Pad28)")
  (net 109 "Net-(U101-Pad29)")
  (net 110 "Net-(U101-Pad30)")
  (net 111 "Net-(U101-Pad33)")
  (net 112 "Net-(U101-Pad34)")
  (net 113 "Net-(U101-Pad35)")
  (net 114 "Net-(U101-Pad36)")
  (net 115 "Net-(U101-Pad37)")
  (net 116 "Net-(U101-Pad38)")
  (net 117 "Net-(U101-Pad39)")
  (net 118 "Net-(U101-Pad40)")
  (net 119 "Net-(U101-Pad41)")
  (net 120 "Net-(U101-Pad42)")
  (net 121 "Net-(U101-Pad43)")
  (net 122 "Net-(U101-Pad44)")
  (net 123 "Net-(U101-Pad45)")
  (net 124 "Net-(U101-Pad46)")
  (net 125 /TXD)
  (net 126 /RXD)
  (net 127 /SBWCLK)
  (net 128 /SBWDIO)
  (net 129 /CELL_A_CHARGE_LED)
  (net 130 /CELL_A_DISCHARGE_LED)
  (net 131 /CELL_B_CHARGE_LED)
  (net 132 /CELL_B_DISCHARGE_LED)
  (net 133 /CELL_C_CHARGE_LED)
  (net 134 /CELL_C_DISCHARGE_LED)
  (net 135 /CELL_D_CHARGE_LED)
  (net 136 /CELL_D_DISCHARGE_LED)
  (net 137 /USB_DN)
  (net 138 /USB_DP)
  (net 139 "Net-(D202-Pad1)")
  (net 140 "Net-(D302-Pad1)")
  (net 141 "Net-(D402-Pad1)")
  (net 142 "Net-(D502-Pad1)")
  (net 143 /CELL_A_TEMPERATURE)
  (net 144 /CELL_B_TEMPERATURE)
  (net 145 /CELL_C_TEMPERATURE)
  (net 146 /CELL_D_TEMPERATURE)

  (net_class Default "This is the default net class."
    (clearance 0.2)
    (trace_width 0.25)
    (via_dia 0.8)
    (via_drill 0.4)
    (uvia_dia 0.3)
    (uvia_drill 0.1)
    (add_net +3V3)
    (add_net +5V)
    (add_net /CELL_A_CHARGE)
    (add_net /CELL_A_CHARGE_CURRENT)
    (add_net /CELL_A_CHARGE_LED)
    (add_net /CELL_A_DISCHARGE)
    (add_net /CELL_A_DISCHARGE_CURRENT)
    (add_net /CELL_A_DISCHARGE_LED)
    (add_net /CELL_A_TEMPERATURE)
    (add_net /CELL_A_VOLTAGE)
    (add_net /CELL_B_CHARGE)
    (add_net /CELL_B_CHARGE_CURRENT)
    (add_net /CELL_B_CHARGE_LED)
    (add_net /CELL_B_DISCHARGE)
    (add_net /CELL_B_DISCHARGE_CURRENT)
    (add_net /CELL_B_DISCHARGE_LED)
    (add_net /CELL_B_TEMPERATURE)
    (add_net /CELL_B_VOLTAGE)
    (add_net /CELL_C_CHARGE)
    (add_net /CELL_C_CHARGE_CURRENT)
    (add_net /CELL_C_CHARGE_LED)
    (add_net /CELL_C_DISCHARGE)
    (add_net /CELL_C_DISCHARGE_LED)
    (add_net /CELL_C_DISHARGE_CURRENT)
    (add_net /CELL_C_TEMPERATURE)
    (add_net /CELL_C_VOLTAGE)
    (add_net /CELL_D_CHARGE)
    (add_net /CELL_D_CHARGE_CURRENT)
    (add_net /CELL_D_CHARGE_LED)
    (add_net /CELL_D_DISCHARGE)
    (add_net /CELL_D_DISCHARGE_CURRENT)
    (add_net /CELL_D_DISCHARGE_LED)
    (add_net /CELL_D_TEMPERATURE)
    (add_net /CELL_D_VOLTAGE)
    (add_net /CHARGE_POWER)
    (add_net /Cell_A/CELL)
    (add_net /Cell_B/CELL)
    (add_net /Cell_C/CELL)
    (add_net /Cell_D/CELL)
    (add_net /RXD)
    (add_net /SBWCLK)
    (add_net /SBWDIO)
    (add_net /TXD)
    (add_net /USB_DN)
    (add_net /USB_DP)
    (add_net GND)
    (add_net "Net-(C203-Pad1)")
    (add_net "Net-(C205-Pad1)")
    (add_net "Net-(C205-Pad2)")
    (add_net "Net-(C207-Pad1)")
    (add_net "Net-(C207-Pad2)")
    (add_net "Net-(C208-Pad1)")
    (add_net "Net-(C208-Pad2)")
    (add_net "Net-(C209-Pad1)")
    (add_net "Net-(C303-Pad1)")
    (add_net "Net-(C305-Pad1)")
    (add_net "Net-(C305-Pad2)")
    (add_net "Net-(C307-Pad1)")
    (add_net "Net-(C307-Pad2)")
    (add_net "Net-(C308-Pad1)")
    (add_net "Net-(C308-Pad2)")
    (add_net "Net-(C309-Pad1)")
    (add_net "Net-(C403-Pad1)")
    (add_net "Net-(C405-Pad1)")
    (add_net "Net-(C405-Pad2)")
    (add_net "Net-(C407-Pad1)")
    (add_net "Net-(C407-Pad2)")
    (add_net "Net-(C408-Pad1)")
    (add_net "Net-(C408-Pad2)")
    (add_net "Net-(C409-Pad1)")
    (add_net "Net-(C503-Pad1)")
    (add_net "Net-(C505-Pad1)")
    (add_net "Net-(C505-Pad2)")
    (add_net "Net-(C507-Pad1)")
    (add_net "Net-(C507-Pad2)")
    (add_net "Net-(C508-Pad1)")
    (add_net "Net-(C508-Pad2)")
    (add_net "Net-(C509-Pad1)")
    (add_net "Net-(D201-Pad2)")
    (add_net "Net-(D202-Pad1)")
    (add_net "Net-(D203-Pad2)")
    (add_net "Net-(D301-Pad2)")
    (add_net "Net-(D302-Pad1)")
    (add_net "Net-(D303-Pad2)")
    (add_net "Net-(D401-Pad2)")
    (add_net "Net-(D402-Pad1)")
    (add_net "Net-(D403-Pad2)")
    (add_net "Net-(D501-Pad2)")
    (add_net "Net-(D502-Pad1)")
    (add_net "Net-(D503-Pad2)")
    (add_net "Net-(Q202-Pad1)")
    (add_net "Net-(Q202-Pad3)")
    (add_net "Net-(Q302-Pad1)")
    (add_net "Net-(Q302-Pad3)")
    (add_net "Net-(Q402-Pad1)")
    (add_net "Net-(Q402-Pad3)")
    (add_net "Net-(Q502-Pad1)")
    (add_net "Net-(Q502-Pad3)")
    (add_net "Net-(R210-Pad2)")
    (add_net "Net-(R213-Pad1)")
    (add_net "Net-(R312-Pad2)")
    (add_net "Net-(R315-Pad1)")
    (add_net "Net-(R412-Pad2)")
    (add_net "Net-(R415-Pad1)")
    (add_net "Net-(R512-Pad2)")
    (add_net "Net-(R515-Pad1)")
    (add_net "Net-(U101-Pad1)")
    (add_net "Net-(U101-Pad10)")
    (add_net "Net-(U101-Pad11)")
    (add_net "Net-(U101-Pad14)")
    (add_net "Net-(U101-Pad15)")
    (add_net "Net-(U101-Pad16)")
    (add_net "Net-(U101-Pad17)")
    (add_net "Net-(U101-Pad2)")
    (add_net "Net-(U101-Pad20)")
    (add_net "Net-(U101-Pad21)")
    (add_net "Net-(U101-Pad22)")
    (add_net "Net-(U101-Pad23)")
    (add_net "Net-(U101-Pad24)")
    (add_net "Net-(U101-Pad25)")
    (add_net "Net-(U101-Pad26)")
    (add_net "Net-(U101-Pad27)")
    (add_net "Net-(U101-Pad28)")
    (add_net "Net-(U101-Pad29)")
    (add_net "Net-(U101-Pad3)")
    (add_net "Net-(U101-Pad30)")
    (add_net "Net-(U101-Pad33)")
    (add_net "Net-(U101-Pad34)")
    (add_net "Net-(U101-Pad35)")
    (add_net "Net-(U101-Pad36)")
    (add_net "Net-(U101-Pad37)")
    (add_net "Net-(U101-Pad38)")
    (add_net "Net-(U101-Pad39)")
    (add_net "Net-(U101-Pad4)")
    (add_net "Net-(U101-Pad40)")
    (add_net "Net-(U101-Pad41)")
    (add_net "Net-(U101-Pad42)")
    (add_net "Net-(U101-Pad43)")
    (add_net "Net-(U101-Pad44)")
    (add_net "Net-(U101-Pad45)")
    (add_net "Net-(U101-Pad46)")
    (add_net "Net-(U101-Pad5)")
    (add_net "Net-(U101-Pad6)")
    (add_net "Net-(U101-Pad7)")
    (add_net "Net-(U101-Pad8)")
    (add_net "Net-(U101-Pad9)")
  )

  (module Resistor_SMD:R_0603_1608Metric (layer B.Cu) (tedit 5B301BBD) (tstamp 5E638382)
    (at 150.05 57.1 270)
    (descr "Resistor SMD 0603 (1608 Metric), square (rectangular) end terminal, IPC_7351 nominal, (Body size source: http://www.tortai-tech.com/upload/download/2011102023233369053.pdf), generated with kicad-footprint-generator")
    (tags resistor)
    (path /5E86D19E/5E81AA4B)
    (attr smd)
    (fp_text reference R413 (at 0 1.43 270) (layer B.SilkS)
      (effects (font (size 1 1) (thickness 0.15)) (justify mirror))
    )
    (fp_text value 1k (at 0 -1.43 270) (layer B.Fab)
      (effects (font (size 1 1) (thickness 0.15)) (justify mirror))
    )
    (fp_line (start -0.8 -0.4) (end -0.8 0.4) (layer B.Fab) (width 0.1))
    (fp_line (start -0.8 0.4) (end 0.8 0.4) (layer B.Fab) (width 0.1))
    (fp_line (start 0.8 0.4) (end 0.8 -0.4) (layer B.Fab) (width 0.1))
    (fp_line (start 0.8 -0.4) (end -0.8 -0.4) (layer B.Fab) (width 0.1))
    (fp_line (start -0.162779 0.51) (end 0.162779 0.51) (layer B.SilkS) (width 0.12))
    (fp_line (start -0.162779 -0.51) (end 0.162779 -0.51) (layer B.SilkS) (width 0.12))
    (fp_line (start -1.48 -0.73) (end -1.48 0.73) (layer B.CrtYd) (width 0.05))
    (fp_line (start -1.48 0.73) (end 1.48 0.73) (layer B.CrtYd) (width 0.05))
    (fp_line (start 1.48 0.73) (end 1.48 -0.73) (layer B.CrtYd) (width 0.05))
    (fp_line (start 1.48 -0.73) (end -1.48 -0.73) (layer B.CrtYd) (width 0.05))
    (fp_text user %R (at 0 0 270) (layer B.Fab)
      (effects (font (size 0.4 0.4) (thickness 0.06)) (justify mirror))
    )
    (pad 1 smd roundrect (at -0.7875 0 270) (size 0.875 0.95) (layers B.Cu B.Paste B.Mask) (roundrect_rratio 0.25)
      (net 33 "Net-(C408-Pad2)"))
    (pad 2 smd roundrect (at 0.7875 0 270) (size 0.875 0.95) (layers B.Cu B.Paste B.Mask) (roundrect_rratio 0.25)
      (net 66 /CELL_C_DISHARGE_CURRENT))
    (model ${KISYS3DMOD}/Resistor_SMD.3dshapes/R_0603_1608Metric.wrl
      (at (xyz 0 0 0))
      (scale (xyz 1 1 1))
      (rotate (xyz 0 0 0))
    )
  )

  (module CellShaper:BatteryHolder_Keystone_534_54 (layer F.Cu) (tedit 5E349AE8) (tstamp 5E637D85)
    (at 97.5 69 270)
    (path /5E7FF9E6/5E81DDD0)
    (fp_text reference BT201 (at -1.27 -11.43 90) (layer F.SilkS) hide
      (effects (font (size 1 1) (thickness 0.15)))
    )
    (fp_text value Battery_Cell (at 31.75 0 90) (layer F.Fab)
      (effects (font (size 1 1) (thickness 0.15)))
    )
    (fp_line (start -3.6 -10) (end -3.6 10) (layer F.SilkS) (width 0.15))
    (fp_line (start -3.6 10) (end 66.84 10) (layer F.SilkS) (width 0.15))
    (fp_line (start 66.84 -10) (end -3.6 -10) (layer F.SilkS) (width 0.15))
    (fp_line (start -3.81 -10.16) (end -3.81 10.16) (layer F.CrtYd) (width 0.12))
    (fp_line (start -3.81 10.16) (end 67.056 10.16) (layer F.CrtYd) (width 0.12))
    (fp_line (start 67.056 10.16) (end 67.056 -10.16) (layer F.CrtYd) (width 0.12))
    (fp_line (start 67.056 -10.16) (end -3.81 -10.16) (layer F.CrtYd) (width 0.12))
    (fp_line (start 66.84 -10) (end 66.84 10) (layer F.SilkS) (width 0.15))
    (pad 1 thru_hole circle (at 0 0 270) (size 3.66 3.66) (drill 1.83) (layers *.Cu *.Mask)
      (net 1 /Cell_A/CELL))
    (pad 1 thru_hole circle (at 7.62 -2.54 270) (size 3.66 3.66) (drill 1.83) (layers *.Cu *.Mask)
      (net 1 /Cell_A/CELL))
    (pad 1 thru_hole circle (at 7.62 2.54 270) (size 3.66 3.66) (drill 1.83) (layers *.Cu *.Mask)
      (net 1 /Cell_A/CELL))
    (pad 2 thru_hole circle (at 55.62 -2.54 270) (size 3.66 3.66) (drill 1.83) (layers *.Cu *.Mask)
      (net 2 GND))
    (pad 2 thru_hole circle (at 55.62 2.54 270) (size 3.66 3.66) (drill 1.83) (layers *.Cu *.Mask)
      (net 2 GND))
    (pad 2 thru_hole circle (at 63.24 0 270) (size 3.66 3.66) (drill 1.83) (layers *.Cu *.Mask)
      (net 2 GND))
    (model ${KIPRJMOD}/CellShaper.pretty/18650.step
      (offset (xyz 64 0 10))
      (scale (xyz 1 1 1))
      (rotate (xyz 0 0 -90))
    )
  )

  (module CellShaper:BatteryHolder_Keystone_534_54 (layer F.Cu) (tedit 5E349AE8) (tstamp 5E637D97)
    (at 122.5 69 270)
    (path /5E86CFD4/5E81DDD0)
    (fp_text reference BT301 (at -1.27 -11.43 90) (layer F.SilkS) hide
      (effects (font (size 1 1) (thickness 0.15)))
    )
    (fp_text value Battery_Cell (at 31.75 0 90) (layer F.Fab)
      (effects (font (size 1 1) (thickness 0.15)))
    )
    (fp_line (start -3.6 -10) (end -3.6 10) (layer F.SilkS) (width 0.15))
    (fp_line (start -3.6 10) (end 66.84 10) (layer F.SilkS) (width 0.15))
    (fp_line (start 66.84 -10) (end -3.6 -10) (layer F.SilkS) (width 0.15))
    (fp_line (start -3.81 -10.16) (end -3.81 10.16) (layer F.CrtYd) (width 0.12))
    (fp_line (start -3.81 10.16) (end 67.056 10.16) (layer F.CrtYd) (width 0.12))
    (fp_line (start 67.056 10.16) (end 67.056 -10.16) (layer F.CrtYd) (width 0.12))
    (fp_line (start 67.056 -10.16) (end -3.81 -10.16) (layer F.CrtYd) (width 0.12))
    (fp_line (start 66.84 -10) (end 66.84 10) (layer F.SilkS) (width 0.15))
    (pad 1 thru_hole circle (at 0 0 270) (size 3.66 3.66) (drill 1.83) (layers *.Cu *.Mask)
      (net 3 /Cell_B/CELL))
    (pad 1 thru_hole circle (at 7.62 -2.54 270) (size 3.66 3.66) (drill 1.83) (layers *.Cu *.Mask)
      (net 3 /Cell_B/CELL))
    (pad 1 thru_hole circle (at 7.62 2.54 270) (size 3.66 3.66) (drill 1.83) (layers *.Cu *.Mask)
      (net 3 /Cell_B/CELL))
    (pad 2 thru_hole circle (at 55.62 -2.54 270) (size 3.66 3.66) (drill 1.83) (layers *.Cu *.Mask)
      (net 2 GND))
    (pad 2 thru_hole circle (at 55.62 2.54 270) (size 3.66 3.66) (drill 1.83) (layers *.Cu *.Mask)
      (net 2 GND))
    (pad 2 thru_hole circle (at 63.24 0 270) (size 3.66 3.66) (drill 1.83) (layers *.Cu *.Mask)
      (net 2 GND))
    (model ${KIPRJMOD}/CellShaper.pretty/18650.step
      (offset (xyz 64 0 10))
      (scale (xyz 1 1 1))
      (rotate (xyz 0 0 -90))
    )
  )

  (module CellShaper:BatteryHolder_Keystone_534_54 (layer F.Cu) (tedit 5E349AE8) (tstamp 5E637DA9)
    (at 147.5 69 270)
    (path /5E86D19E/5E81DDD0)
    (fp_text reference BT401 (at -1.27 -11.43 90) (layer F.SilkS) hide
      (effects (font (size 1 1) (thickness 0.15)))
    )
    (fp_text value Battery_Cell (at 31.75 0 90) (layer F.Fab)
      (effects (font (size 1 1) (thickness 0.15)))
    )
    (fp_line (start 66.84 -10) (end 66.84 10) (layer F.SilkS) (width 0.15))
    (fp_line (start 67.056 -10.16) (end -3.81 -10.16) (layer F.CrtYd) (width 0.12))
    (fp_line (start 67.056 10.16) (end 67.056 -10.16) (layer F.CrtYd) (width 0.12))
    (fp_line (start -3.81 10.16) (end 67.056 10.16) (layer F.CrtYd) (width 0.12))
    (fp_line (start -3.81 -10.16) (end -3.81 10.16) (layer F.CrtYd) (width 0.12))
    (fp_line (start 66.84 -10) (end -3.6 -10) (layer F.SilkS) (width 0.15))
    (fp_line (start -3.6 10) (end 66.84 10) (layer F.SilkS) (width 0.15))
    (fp_line (start -3.6 -10) (end -3.6 10) (layer F.SilkS) (width 0.15))
    (pad 2 thru_hole circle (at 63.24 0 270) (size 3.66 3.66) (drill 1.83) (layers *.Cu *.Mask)
      (net 2 GND))
    (pad 2 thru_hole circle (at 55.62 2.54 270) (size 3.66 3.66) (drill 1.83) (layers *.Cu *.Mask)
      (net 2 GND))
    (pad 2 thru_hole circle (at 55.62 -2.54 270) (size 3.66 3.66) (drill 1.83) (layers *.Cu *.Mask)
      (net 2 GND))
    (pad 1 thru_hole circle (at 7.62 2.54 270) (size 3.66 3.66) (drill 1.83) (layers *.Cu *.Mask)
      (net 4 /Cell_C/CELL))
    (pad 1 thru_hole circle (at 7.62 -2.54 270) (size 3.66 3.66) (drill 1.83) (layers *.Cu *.Mask)
      (net 4 /Cell_C/CELL))
    (pad 1 thru_hole circle (at 0 0 270) (size 3.66 3.66) (drill 1.83) (layers *.Cu *.Mask)
      (net 4 /Cell_C/CELL))
    (model ${KIPRJMOD}/CellShaper.pretty/18650.step
      (offset (xyz 64 0 10))
      (scale (xyz 1 1 1))
      (rotate (xyz 0 0 -90))
    )
  )

  (module CellShaper:BatteryHolder_Keystone_534_54 (layer F.Cu) (tedit 5E349AE8) (tstamp 5E63DEB4)
    (at 172.5 69 270)
    (path /5E86D39E/5E81DDD0)
    (fp_text reference BT501 (at -1.27 -11.43 90) (layer F.SilkS) hide
      (effects (font (size 1 1) (thickness 0.15)))
    )
    (fp_text value Battery_Cell (at 31.75 0 90) (layer F.Fab)
      (effects (font (size 1 1) (thickness 0.15)))
    )
    (fp_line (start 66.84 -10) (end 66.84 10) (layer F.SilkS) (width 0.15))
    (fp_line (start 67.056 -10.16) (end -3.81 -10.16) (layer F.CrtYd) (width 0.12))
    (fp_line (start 67.056 10.16) (end 67.056 -10.16) (layer F.CrtYd) (width 0.12))
    (fp_line (start -3.81 10.16) (end 67.056 10.16) (layer F.CrtYd) (width 0.12))
    (fp_line (start -3.81 -10.16) (end -3.81 10.16) (layer F.CrtYd) (width 0.12))
    (fp_line (start 66.84 -10) (end -3.6 -10) (layer F.SilkS) (width 0.15))
    (fp_line (start -3.6 10) (end 66.84 10) (layer F.SilkS) (width 0.15))
    (fp_line (start -3.6 -10) (end -3.6 10) (layer F.SilkS) (width 0.15))
    (pad 2 thru_hole circle (at 63.24 0 270) (size 3.66 3.66) (drill 1.83) (layers *.Cu *.Mask)
      (net 2 GND))
    (pad 2 thru_hole circle (at 55.62 2.54 270) (size 3.66 3.66) (drill 1.83) (layers *.Cu *.Mask)
      (net 2 GND))
    (pad 2 thru_hole circle (at 55.62 -2.54 270) (size 3.66 3.66) (drill 1.83) (layers *.Cu *.Mask)
      (net 2 GND))
    (pad 1 thru_hole circle (at 7.62 2.54 270) (size 3.66 3.66) (drill 1.83) (layers *.Cu *.Mask)
      (net 5 /Cell_D/CELL))
    (pad 1 thru_hole circle (at 7.62 -2.54 270) (size 3.66 3.66) (drill 1.83) (layers *.Cu *.Mask)
      (net 5 /Cell_D/CELL))
    (pad 1 thru_hole circle (at 0 0 270) (size 3.66 3.66) (drill 1.83) (layers *.Cu *.Mask)
      (net 5 /Cell_D/CELL))
    (model ${KIPRJMOD}/CellShaper.pretty/18650.step
      (offset (xyz 64 0 10))
      (scale (xyz 1 1 1))
      (rotate (xyz 0 0 -90))
    )
  )

  (module Capacitor_SMD:C_0603_1608Metric (layer B.Cu) (tedit 5B301BBE) (tstamp 5E637DCC)
    (at 118.555001 111.844999)
    (descr "Capacitor SMD 0603 (1608 Metric), square (rectangular) end terminal, IPC_7351 nominal, (Body size source: http://www.tortai-tech.com/upload/download/2011102023233369053.pdf), generated with kicad-footprint-generator")
    (tags capacitor)
    (path /5E8AEE27)
    (attr smd)
    (fp_text reference C101 (at 0 1.43) (layer B.SilkS)
      (effects (font (size 1 1) (thickness 0.15)) (justify mirror))
    )
    (fp_text value 100n (at 0 -1.43) (layer B.Fab)
      (effects (font (size 1 1) (thickness 0.15)) (justify mirror))
    )
    (fp_line (start -0.8 -0.4) (end -0.8 0.4) (layer B.Fab) (width 0.1))
    (fp_line (start -0.8 0.4) (end 0.8 0.4) (layer B.Fab) (width 0.1))
    (fp_line (start 0.8 0.4) (end 0.8 -0.4) (layer B.Fab) (width 0.1))
    (fp_line (start 0.8 -0.4) (end -0.8 -0.4) (layer B.Fab) (width 0.1))
    (fp_line (start -0.162779 0.51) (end 0.162779 0.51) (layer B.SilkS) (width 0.12))
    (fp_line (start -0.162779 -0.51) (end 0.162779 -0.51) (layer B.SilkS) (width 0.12))
    (fp_line (start -1.48 -0.73) (end -1.48 0.73) (layer B.CrtYd) (width 0.05))
    (fp_line (start -1.48 0.73) (end 1.48 0.73) (layer B.CrtYd) (width 0.05))
    (fp_line (start 1.48 0.73) (end 1.48 -0.73) (layer B.CrtYd) (width 0.05))
    (fp_line (start 1.48 -0.73) (end -1.48 -0.73) (layer B.CrtYd) (width 0.05))
    (fp_text user %R (at 0 0) (layer B.Fab)
      (effects (font (size 0.4 0.4) (thickness 0.06)) (justify mirror))
    )
    (pad 1 smd roundrect (at -0.7875 0) (size 0.875 0.95) (layers B.Cu B.Paste B.Mask) (roundrect_rratio 0.25)
      (net 6 +3V3))
    (pad 2 smd roundrect (at 0.7875 0) (size 0.875 0.95) (layers B.Cu B.Paste B.Mask) (roundrect_rratio 0.25)
      (net 2 GND))
    (model ${KISYS3DMOD}/Capacitor_SMD.3dshapes/C_0603_1608Metric.wrl
      (at (xyz 0 0 0))
      (scale (xyz 1 1 1))
      (rotate (xyz 0 0 0))
    )
  )

  (module Capacitor_SMD:C_0603_1608Metric (layer B.Cu) (tedit 5B301BBE) (tstamp 5E63C5C4)
    (at 118.555001 109.334999)
    (descr "Capacitor SMD 0603 (1608 Metric), square (rectangular) end terminal, IPC_7351 nominal, (Body size source: http://www.tortai-tech.com/upload/download/2011102023233369053.pdf), generated with kicad-footprint-generator")
    (tags capacitor)
    (path /5E8AFC9B)
    (attr smd)
    (fp_text reference C102 (at 0 1.43) (layer B.SilkS)
      (effects (font (size 1 1) (thickness 0.15)) (justify mirror))
    )
    (fp_text value 100n (at 0 -1.43) (layer B.Fab)
      (effects (font (size 1 1) (thickness 0.15)) (justify mirror))
    )
    (fp_line (start -0.8 -0.4) (end -0.8 0.4) (layer B.Fab) (width 0.1))
    (fp_line (start -0.8 0.4) (end 0.8 0.4) (layer B.Fab) (width 0.1))
    (fp_line (start 0.8 0.4) (end 0.8 -0.4) (layer B.Fab) (width 0.1))
    (fp_line (start 0.8 -0.4) (end -0.8 -0.4) (layer B.Fab) (width 0.1))
    (fp_line (start -0.162779 0.51) (end 0.162779 0.51) (layer B.SilkS) (width 0.12))
    (fp_line (start -0.162779 -0.51) (end 0.162779 -0.51) (layer B.SilkS) (width 0.12))
    (fp_line (start -1.48 -0.73) (end -1.48 0.73) (layer B.CrtYd) (width 0.05))
    (fp_line (start -1.48 0.73) (end 1.48 0.73) (layer B.CrtYd) (width 0.05))
    (fp_line (start 1.48 0.73) (end 1.48 -0.73) (layer B.CrtYd) (width 0.05))
    (fp_line (start 1.48 -0.73) (end -1.48 -0.73) (layer B.CrtYd) (width 0.05))
    (fp_text user %R (at 0 0) (layer B.Fab)
      (effects (font (size 0.4 0.4) (thickness 0.06)) (justify mirror))
    )
    (pad 1 smd roundrect (at -0.7875 0) (size 0.875 0.95) (layers B.Cu B.Paste B.Mask) (roundrect_rratio 0.25)
      (net 6 +3V3))
    (pad 2 smd roundrect (at 0.7875 0) (size 0.875 0.95) (layers B.Cu B.Paste B.Mask) (roundrect_rratio 0.25)
      (net 2 GND))
    (model ${KISYS3DMOD}/Capacitor_SMD.3dshapes/C_0603_1608Metric.wrl
      (at (xyz 0 0 0))
      (scale (xyz 1 1 1))
      (rotate (xyz 0 0 0))
    )
  )

  (module Capacitor_SMD:C_0603_1608Metric (layer B.Cu) (tedit 5B301BBE) (tstamp 5E637DEE)
    (at 126.2875 104 180)
    (descr "Capacitor SMD 0603 (1608 Metric), square (rectangular) end terminal, IPC_7351 nominal, (Body size source: http://www.tortai-tech.com/upload/download/2011102023233369053.pdf), generated with kicad-footprint-generator")
    (tags capacitor)
    (path /5E8AFE24)
    (attr smd)
    (fp_text reference C103 (at 0 1.43) (layer B.SilkS)
      (effects (font (size 1 1) (thickness 0.15)) (justify mirror))
    )
    (fp_text value 100n (at 0 -1.43) (layer B.Fab)
      (effects (font (size 1 1) (thickness 0.15)) (justify mirror))
    )
    (fp_text user %R (at 0 0) (layer B.Fab)
      (effects (font (size 0.4 0.4) (thickness 0.06)) (justify mirror))
    )
    (fp_line (start 1.48 -0.73) (end -1.48 -0.73) (layer B.CrtYd) (width 0.05))
    (fp_line (start 1.48 0.73) (end 1.48 -0.73) (layer B.CrtYd) (width 0.05))
    (fp_line (start -1.48 0.73) (end 1.48 0.73) (layer B.CrtYd) (width 0.05))
    (fp_line (start -1.48 -0.73) (end -1.48 0.73) (layer B.CrtYd) (width 0.05))
    (fp_line (start -0.162779 -0.51) (end 0.162779 -0.51) (layer B.SilkS) (width 0.12))
    (fp_line (start -0.162779 0.51) (end 0.162779 0.51) (layer B.SilkS) (width 0.12))
    (fp_line (start 0.8 -0.4) (end -0.8 -0.4) (layer B.Fab) (width 0.1))
    (fp_line (start 0.8 0.4) (end 0.8 -0.4) (layer B.Fab) (width 0.1))
    (fp_line (start -0.8 0.4) (end 0.8 0.4) (layer B.Fab) (width 0.1))
    (fp_line (start -0.8 -0.4) (end -0.8 0.4) (layer B.Fab) (width 0.1))
    (pad 2 smd roundrect (at 0.7875 0 180) (size 0.875 0.95) (layers B.Cu B.Paste B.Mask) (roundrect_rratio 0.25)
      (net 2 GND))
    (pad 1 smd roundrect (at -0.7875 0 180) (size 0.875 0.95) (layers B.Cu B.Paste B.Mask) (roundrect_rratio 0.25)
      (net 6 +3V3))
    (model ${KISYS3DMOD}/Capacitor_SMD.3dshapes/C_0603_1608Metric.wrl
      (at (xyz 0 0 0))
      (scale (xyz 1 1 1))
      (rotate (xyz 0 0 0))
    )
  )

  (module Capacitor_SMD:C_0603_1608Metric (layer B.Cu) (tedit 5B301BBE) (tstamp 5E637DFF)
    (at 132.2125 120)
    (descr "Capacitor SMD 0603 (1608 Metric), square (rectangular) end terminal, IPC_7351 nominal, (Body size source: http://www.tortai-tech.com/upload/download/2011102023233369053.pdf), generated with kicad-footprint-generator")
    (tags capacitor)
    (path /5E8B00FE)
    (attr smd)
    (fp_text reference C104 (at 0 1.43) (layer B.SilkS)
      (effects (font (size 1 1) (thickness 0.15)) (justify mirror))
    )
    (fp_text value 100n (at 0 -1.43) (layer B.Fab)
      (effects (font (size 1 1) (thickness 0.15)) (justify mirror))
    )
    (fp_line (start -0.8 -0.4) (end -0.8 0.4) (layer B.Fab) (width 0.1))
    (fp_line (start -0.8 0.4) (end 0.8 0.4) (layer B.Fab) (width 0.1))
    (fp_line (start 0.8 0.4) (end 0.8 -0.4) (layer B.Fab) (width 0.1))
    (fp_line (start 0.8 -0.4) (end -0.8 -0.4) (layer B.Fab) (width 0.1))
    (fp_line (start -0.162779 0.51) (end 0.162779 0.51) (layer B.SilkS) (width 0.12))
    (fp_line (start -0.162779 -0.51) (end 0.162779 -0.51) (layer B.SilkS) (width 0.12))
    (fp_line (start -1.48 -0.73) (end -1.48 0.73) (layer B.CrtYd) (width 0.05))
    (fp_line (start -1.48 0.73) (end 1.48 0.73) (layer B.CrtYd) (width 0.05))
    (fp_line (start 1.48 0.73) (end 1.48 -0.73) (layer B.CrtYd) (width 0.05))
    (fp_line (start 1.48 -0.73) (end -1.48 -0.73) (layer B.CrtYd) (width 0.05))
    (fp_text user %R (at 0 0) (layer B.Fab)
      (effects (font (size 0.4 0.4) (thickness 0.06)) (justify mirror))
    )
    (pad 1 smd roundrect (at -0.7875 0) (size 0.875 0.95) (layers B.Cu B.Paste B.Mask) (roundrect_rratio 0.25)
      (net 6 +3V3))
    (pad 2 smd roundrect (at 0.7875 0) (size 0.875 0.95) (layers B.Cu B.Paste B.Mask) (roundrect_rratio 0.25)
      (net 2 GND))
    (model ${KISYS3DMOD}/Capacitor_SMD.3dshapes/C_0603_1608Metric.wrl
      (at (xyz 0 0 0))
      (scale (xyz 1 1 1))
      (rotate (xyz 0 0 0))
    )
  )

  (module Capacitor_SMD:C_0603_1608Metric (layer B.Cu) (tedit 5B301BBE) (tstamp 5E637E10)
    (at 142 113.7875 90)
    (descr "Capacitor SMD 0603 (1608 Metric), square (rectangular) end terminal, IPC_7351 nominal, (Body size source: http://www.tortai-tech.com/upload/download/2011102023233369053.pdf), generated with kicad-footprint-generator")
    (tags capacitor)
    (path /5E8B09DD)
    (attr smd)
    (fp_text reference C105 (at 0 1.43 270) (layer B.SilkS)
      (effects (font (size 1 1) (thickness 0.15)) (justify mirror))
    )
    (fp_text value 100n (at 0 -1.43 270) (layer B.Fab)
      (effects (font (size 1 1) (thickness 0.15)) (justify mirror))
    )
    (fp_text user %R (at 0 0 270) (layer B.Fab)
      (effects (font (size 0.4 0.4) (thickness 0.06)) (justify mirror))
    )
    (fp_line (start 1.48 -0.73) (end -1.48 -0.73) (layer B.CrtYd) (width 0.05))
    (fp_line (start 1.48 0.73) (end 1.48 -0.73) (layer B.CrtYd) (width 0.05))
    (fp_line (start -1.48 0.73) (end 1.48 0.73) (layer B.CrtYd) (width 0.05))
    (fp_line (start -1.48 -0.73) (end -1.48 0.73) (layer B.CrtYd) (width 0.05))
    (fp_line (start -0.162779 -0.51) (end 0.162779 -0.51) (layer B.SilkS) (width 0.12))
    (fp_line (start -0.162779 0.51) (end 0.162779 0.51) (layer B.SilkS) (width 0.12))
    (fp_line (start 0.8 -0.4) (end -0.8 -0.4) (layer B.Fab) (width 0.1))
    (fp_line (start 0.8 0.4) (end 0.8 -0.4) (layer B.Fab) (width 0.1))
    (fp_line (start -0.8 0.4) (end 0.8 0.4) (layer B.Fab) (width 0.1))
    (fp_line (start -0.8 -0.4) (end -0.8 0.4) (layer B.Fab) (width 0.1))
    (pad 2 smd roundrect (at 0.7875 0 90) (size 0.875 0.95) (layers B.Cu B.Paste B.Mask) (roundrect_rratio 0.25)
      (net 2 GND))
    (pad 1 smd roundrect (at -0.7875 0 90) (size 0.875 0.95) (layers B.Cu B.Paste B.Mask) (roundrect_rratio 0.25)
      (net 6 +3V3))
    (model ${KISYS3DMOD}/Capacitor_SMD.3dshapes/C_0603_1608Metric.wrl
      (at (xyz 0 0 0))
      (scale (xyz 1 1 1))
      (rotate (xyz 0 0 0))
    )
  )

  (module Capacitor_SMD:C_0603_1608Metric (layer B.Cu) (tedit 5B301BBE) (tstamp 5E637E21)
    (at 131.5 98.5 180)
    (descr "Capacitor SMD 0603 (1608 Metric), square (rectangular) end terminal, IPC_7351 nominal, (Body size source: http://www.tortai-tech.com/upload/download/2011102023233369053.pdf), generated with kicad-footprint-generator")
    (tags capacitor)
    (path /5E8CBA2F)
    (attr smd)
    (fp_text reference C106 (at 0 1.43) (layer B.SilkS)
      (effects (font (size 1 1) (thickness 0.15)) (justify mirror))
    )
    (fp_text value 100n (at 0 -1.43) (layer B.Fab)
      (effects (font (size 1 1) (thickness 0.15)) (justify mirror))
    )
    (fp_line (start -0.8 -0.4) (end -0.8 0.4) (layer B.Fab) (width 0.1))
    (fp_line (start -0.8 0.4) (end 0.8 0.4) (layer B.Fab) (width 0.1))
    (fp_line (start 0.8 0.4) (end 0.8 -0.4) (layer B.Fab) (width 0.1))
    (fp_line (start 0.8 -0.4) (end -0.8 -0.4) (layer B.Fab) (width 0.1))
    (fp_line (start -0.162779 0.51) (end 0.162779 0.51) (layer B.SilkS) (width 0.12))
    (fp_line (start -0.162779 -0.51) (end 0.162779 -0.51) (layer B.SilkS) (width 0.12))
    (fp_line (start -1.48 -0.73) (end -1.48 0.73) (layer B.CrtYd) (width 0.05))
    (fp_line (start -1.48 0.73) (end 1.48 0.73) (layer B.CrtYd) (width 0.05))
    (fp_line (start 1.48 0.73) (end 1.48 -0.73) (layer B.CrtYd) (width 0.05))
    (fp_line (start 1.48 -0.73) (end -1.48 -0.73) (layer B.CrtYd) (width 0.05))
    (fp_text user %R (at 0 0) (layer B.Fab)
      (effects (font (size 0.4 0.4) (thickness 0.06)) (justify mirror))
    )
    (pad 1 smd roundrect (at -0.7875 0 180) (size 0.875 0.95) (layers B.Cu B.Paste B.Mask) (roundrect_rratio 0.25)
      (net 6 +3V3))
    (pad 2 smd roundrect (at 0.7875 0 180) (size 0.875 0.95) (layers B.Cu B.Paste B.Mask) (roundrect_rratio 0.25)
      (net 2 GND))
    (model ${KISYS3DMOD}/Capacitor_SMD.3dshapes/C_0603_1608Metric.wrl
      (at (xyz 0 0 0))
      (scale (xyz 1 1 1))
      (rotate (xyz 0 0 0))
    )
  )

  (module Capacitor_SMD:C_0805_2012Metric (layer B.Cu) (tedit 5B36C52B) (tstamp 5E637E32)
    (at 96.5 93.5 180)
    (descr "Capacitor SMD 0805 (2012 Metric), square (rectangular) end terminal, IPC_7351 nominal, (Body size source: https://docs.google.com/spreadsheets/d/1BsfQQcO9C6DZCsRaXUlFlo91Tg2WpOkGARC1WS5S8t0/edit?usp=sharing), generated with kicad-footprint-generator")
    (tags capacitor)
    (path /5E7FF9E6/5E81AB6B)
    (attr smd)
    (fp_text reference C201 (at 0 1.65) (layer B.SilkS)
      (effects (font (size 1 1) (thickness 0.15)) (justify mirror))
    )
    (fp_text value 10u (at 0 -1.65) (layer B.Fab)
      (effects (font (size 1 1) (thickness 0.15)) (justify mirror))
    )
    (fp_line (start -1 -0.6) (end -1 0.6) (layer B.Fab) (width 0.1))
    (fp_line (start -1 0.6) (end 1 0.6) (layer B.Fab) (width 0.1))
    (fp_line (start 1 0.6) (end 1 -0.6) (layer B.Fab) (width 0.1))
    (fp_line (start 1 -0.6) (end -1 -0.6) (layer B.Fab) (width 0.1))
    (fp_line (start -0.258578 0.71) (end 0.258578 0.71) (layer B.SilkS) (width 0.12))
    (fp_line (start -0.258578 -0.71) (end 0.258578 -0.71) (layer B.SilkS) (width 0.12))
    (fp_line (start -1.68 -0.95) (end -1.68 0.95) (layer B.CrtYd) (width 0.05))
    (fp_line (start -1.68 0.95) (end 1.68 0.95) (layer B.CrtYd) (width 0.05))
    (fp_line (start 1.68 0.95) (end 1.68 -0.95) (layer B.CrtYd) (width 0.05))
    (fp_line (start 1.68 -0.95) (end -1.68 -0.95) (layer B.CrtYd) (width 0.05))
    (fp_text user %R (at 0 0) (layer B.Fab)
      (effects (font (size 0.5 0.5) (thickness 0.08)) (justify mirror))
    )
    (pad 1 smd roundrect (at -0.9375 0 180) (size 0.975 1.4) (layers B.Cu B.Paste B.Mask) (roundrect_rratio 0.25)
      (net 7 /CHARGE_POWER))
    (pad 2 smd roundrect (at 0.9375 0 180) (size 0.975 1.4) (layers B.Cu B.Paste B.Mask) (roundrect_rratio 0.25)
      (net 2 GND))
    (model ${KISYS3DMOD}/Capacitor_SMD.3dshapes/C_0805_2012Metric.wrl
      (at (xyz 0 0 0))
      (scale (xyz 1 1 1))
      (rotate (xyz 0 0 0))
    )
  )

  (module Capacitor_SMD:C_0805_2012Metric (layer B.Cu) (tedit 5B36C52B) (tstamp 5E637E43)
    (at 96.5 91.5 180)
    (descr "Capacitor SMD 0805 (2012 Metric), square (rectangular) end terminal, IPC_7351 nominal, (Body size source: https://docs.google.com/spreadsheets/d/1BsfQQcO9C6DZCsRaXUlFlo91Tg2WpOkGARC1WS5S8t0/edit?usp=sharing), generated with kicad-footprint-generator")
    (tags capacitor)
    (path /5E7FF9E6/5E81AB64)
    (attr smd)
    (fp_text reference C202 (at 0 1.65) (layer B.SilkS)
      (effects (font (size 1 1) (thickness 0.15)) (justify mirror))
    )
    (fp_text value 10u (at 0 -1.65) (layer B.Fab)
      (effects (font (size 1 1) (thickness 0.15)) (justify mirror))
    )
    (fp_text user %R (at 0 0) (layer B.Fab)
      (effects (font (size 0.5 0.5) (thickness 0.08)) (justify mirror))
    )
    (fp_line (start 1.68 -0.95) (end -1.68 -0.95) (layer B.CrtYd) (width 0.05))
    (fp_line (start 1.68 0.95) (end 1.68 -0.95) (layer B.CrtYd) (width 0.05))
    (fp_line (start -1.68 0.95) (end 1.68 0.95) (layer B.CrtYd) (width 0.05))
    (fp_line (start -1.68 -0.95) (end -1.68 0.95) (layer B.CrtYd) (width 0.05))
    (fp_line (start -0.258578 -0.71) (end 0.258578 -0.71) (layer B.SilkS) (width 0.12))
    (fp_line (start -0.258578 0.71) (end 0.258578 0.71) (layer B.SilkS) (width 0.12))
    (fp_line (start 1 -0.6) (end -1 -0.6) (layer B.Fab) (width 0.1))
    (fp_line (start 1 0.6) (end 1 -0.6) (layer B.Fab) (width 0.1))
    (fp_line (start -1 0.6) (end 1 0.6) (layer B.Fab) (width 0.1))
    (fp_line (start -1 -0.6) (end -1 0.6) (layer B.Fab) (width 0.1))
    (pad 2 smd roundrect (at 0.9375 0 180) (size 0.975 1.4) (layers B.Cu B.Paste B.Mask) (roundrect_rratio 0.25)
      (net 2 GND))
    (pad 1 smd roundrect (at -0.9375 0 180) (size 0.975 1.4) (layers B.Cu B.Paste B.Mask) (roundrect_rratio 0.25)
      (net 7 /CHARGE_POWER))
    (model ${KISYS3DMOD}/Capacitor_SMD.3dshapes/C_0805_2012Metric.wrl
      (at (xyz 0 0 0))
      (scale (xyz 1 1 1))
      (rotate (xyz 0 0 0))
    )
  )

  (module Capacitor_SMD:C_0805_2012Metric (layer B.Cu) (tedit 5B36C52B) (tstamp 5E637E54)
    (at 105 76.5)
    (descr "Capacitor SMD 0805 (2012 Metric), square (rectangular) end terminal, IPC_7351 nominal, (Body size source: https://docs.google.com/spreadsheets/d/1BsfQQcO9C6DZCsRaXUlFlo91Tg2WpOkGARC1WS5S8t0/edit?usp=sharing), generated with kicad-footprint-generator")
    (tags capacitor)
    (path /5E7FF9E6/5E81AAD7)
    (attr smd)
    (fp_text reference C203 (at 0 1.65) (layer B.SilkS)
      (effects (font (size 1 1) (thickness 0.15)) (justify mirror))
    )
    (fp_text value 10u (at 0 -1.65) (layer B.Fab)
      (effects (font (size 1 1) (thickness 0.15)) (justify mirror))
    )
    (fp_line (start -1 -0.6) (end -1 0.6) (layer B.Fab) (width 0.1))
    (fp_line (start -1 0.6) (end 1 0.6) (layer B.Fab) (width 0.1))
    (fp_line (start 1 0.6) (end 1 -0.6) (layer B.Fab) (width 0.1))
    (fp_line (start 1 -0.6) (end -1 -0.6) (layer B.Fab) (width 0.1))
    (fp_line (start -0.258578 0.71) (end 0.258578 0.71) (layer B.SilkS) (width 0.12))
    (fp_line (start -0.258578 -0.71) (end 0.258578 -0.71) (layer B.SilkS) (width 0.12))
    (fp_line (start -1.68 -0.95) (end -1.68 0.95) (layer B.CrtYd) (width 0.05))
    (fp_line (start -1.68 0.95) (end 1.68 0.95) (layer B.CrtYd) (width 0.05))
    (fp_line (start 1.68 0.95) (end 1.68 -0.95) (layer B.CrtYd) (width 0.05))
    (fp_line (start 1.68 -0.95) (end -1.68 -0.95) (layer B.CrtYd) (width 0.05))
    (fp_text user %R (at 0 0) (layer B.Fab)
      (effects (font (size 0.5 0.5) (thickness 0.08)) (justify mirror))
    )
    (pad 1 smd roundrect (at -0.9375 0) (size 0.975 1.4) (layers B.Cu B.Paste B.Mask) (roundrect_rratio 0.25)
      (net 8 "Net-(C203-Pad1)"))
    (pad 2 smd roundrect (at 0.9375 0) (size 0.975 1.4) (layers B.Cu B.Paste B.Mask) (roundrect_rratio 0.25)
      (net 2 GND))
    (model ${KISYS3DMOD}/Capacitor_SMD.3dshapes/C_0805_2012Metric.wrl
      (at (xyz 0 0 0))
      (scale (xyz 1 1 1))
      (rotate (xyz 0 0 0))
    )
  )

  (module Capacitor_SMD:C_0805_2012Metric (layer B.Cu) (tedit 5B36C52B) (tstamp 5E637E65)
    (at 105 74.5)
    (descr "Capacitor SMD 0805 (2012 Metric), square (rectangular) end terminal, IPC_7351 nominal, (Body size source: https://docs.google.com/spreadsheets/d/1BsfQQcO9C6DZCsRaXUlFlo91Tg2WpOkGARC1WS5S8t0/edit?usp=sharing), generated with kicad-footprint-generator")
    (tags capacitor)
    (path /5E7FF9E6/5E81AADD)
    (attr smd)
    (fp_text reference C204 (at 0 1.65) (layer B.SilkS)
      (effects (font (size 1 1) (thickness 0.15)) (justify mirror))
    )
    (fp_text value 1u (at 0 -1.65) (layer B.Fab)
      (effects (font (size 1 1) (thickness 0.15)) (justify mirror))
    )
    (fp_text user %R (at 0 0) (layer B.Fab)
      (effects (font (size 0.5 0.5) (thickness 0.08)) (justify mirror))
    )
    (fp_line (start 1.68 -0.95) (end -1.68 -0.95) (layer B.CrtYd) (width 0.05))
    (fp_line (start 1.68 0.95) (end 1.68 -0.95) (layer B.CrtYd) (width 0.05))
